ts,DMC Building 1 Data Quality Tests Discharge-Air-Temp-Sensor Copy,DMC Building 1 Data Quality Tests Discharge-Chilled-Water-Cool-Valve-Cmd Copy
2023-06-01T00:00:00+04:00 Dubai,16.575210571289062°C,0%
2023-06-01T00:05:00+04:00 Dubai,17.661882400512695°C,1.98%
2023-06-01T00:10:00+04:00 Dubai,15.1520414352417°C,34.01%
2023-06-01T00:15:00+04:00 Dubai,15.614696502685547°C,42.43%
2023-06-01T00:20:00+04:00 Dubai,15.14563274383545°C,40.89%
2023-06-01T00:25:00+04:00 Dubai,14.994953155517578°C,41.98%
2023-06-01T00:30:00+04:00 Dubai,14.994953155517578°C,44.52%
2023-06-01T00:35:00+04:00 Dubai,14.844996452331543°C,45.55%
2023-06-01T00:40:00+04:00 Dubai,14.543037414550781°C,44.14%
2023-06-01T00:45:00+04:00 Dubai,14.394144058227539°C,44.14%
2023-06-01T00:50:00+04:00 Dubai,14.245529174804688°C,44.14%
2023-06-01T00:55:00+04:00 Dubai,14.245529174804688°C,44.14%
2023-06-01T01:00:00+04:00 Dubai,14.245529174804688°C,44.14%
2023-06-01T01:05:00+04:00 Dubai,14.245529174804688°C,44.14%
2023-06-01T01:10:00+04:00 Dubai,14.245529174804688°C,44.14%
2023-06-01T01:15:00+04:00 Dubai,14.245529174804688°C,44.14%
2023-06-01T01:20:00+04:00 Dubai,14.245529174804688°C,44.14%
2023-06-01T01:25:00+04:00 Dubai,14.245529174804688°C,44.14%
2023-06-01T01:30:00+04:00 Dubai,14.245529174804688°C,44.14%
2023-06-01T01:35:00+04:00 Dubai,14.245529174804688°C,44.14%
2023-06-01T01:40:00+04:00 Dubai,14.245529174804688°C,44.14%
2023-06-01T01:45:00+04:00 Dubai,14.245529174804688°C,44.14%
2023-06-01T01:50:00+04:00 Dubai,14.245529174804688°C,44.14%
2023-06-01T01:55:00+04:00 Dubai,14.245529174804688°C,44.14%
2023-06-01T02:00:00+04:00 Dubai,14.245529174804688°C,44.14%
2023-06-01T02:05:00+04:00 Dubai,14.245529174804688°C,44.14%
2023-06-01T02:10:00+04:00 Dubai,14.245529174804688°C,44.14%
2023-06-01T02:15:00+04:00 Dubai,14.245529174804688°C,44.14%
2023-06-01T02:20:00+04:00 Dubai,14.245529174804688°C,44.14%
2023-06-01T02:25:00+04:00 Dubai,14.245529174804688°C,44.14%
2023-06-01T02:30:00+04:00 Dubai,14.245529174804688°C,44.14%
2023-06-01T02:35:00+04:00 Dubai,14.245529174804688°C,44.14%
2023-06-01T02:40:00+04:00 Dubai,14.245529174804688°C,44.14%
2023-06-01T02:45:00+04:00 Dubai,14.096602439880371°C,44.14%
2023-06-01T02:50:00+04:00 Dubai,14.096602439880371°C,44.14%
2023-06-01T02:55:00+04:00 Dubai,14.096602439880371°C,44.14%
2023-06-01T03:00:00+04:00 Dubai,14.096602439880371°C,44.14%
2023-06-01T03:05:00+04:00 Dubai,14.096602439880371°C,44.14%
2023-06-01T03:10:00+04:00 Dubai,14.256701469421387°C,44.14%
2023-06-01T03:15:00+04:00 Dubai,14.10788345336914°C,44.14%
2023-06-01T03:20:00+04:00 Dubai,14.10788345336914°C,44.14%
2023-06-01T03:25:00+04:00 Dubai,14.10788345336914°C,44.14%
2023-06-01T03:30:00+04:00 Dubai,14.10788345336914°C,44.14%
2023-06-01T03:35:00+04:00 Dubai,14.10788345336914°C,44.14%
2023-06-01T03:40:00+04:00 Dubai,14.10788345336914°C,44.14%
2023-06-01T03:45:00+04:00 Dubai,14.10788345336914°C,44.14%
2023-06-01T03:50:00+04:00 Dubai,14.10788345336914°C,44.14%
2023-06-01T03:55:00+04:00 Dubai,14.10788345336914°C,44.14%
2023-06-01T04:00:00+04:00 Dubai,14.10788345336914°C,44.14%
2023-06-01T04:05:00+04:00 Dubai,14.10788345336914°C,44.14%
2023-06-01T04:10:00+04:00 Dubai,14.10788345336914°C,44.14%
2023-06-01T04:15:00+04:00 Dubai,14.10788345336914°C,44.14%
2023-06-01T04:20:00+04:00 Dubai,14.10788345336914°C,44.14%
2023-06-01T04:25:00+04:00 Dubai,14.10788345336914°C,44.14%
2023-06-01T04:30:00+04:00 Dubai,14.10788345336914°C,44.14%
2023-06-01T04:35:00+04:00 Dubai,14.10788345336914°C,44.14%
2023-06-01T04:40:00+04:00 Dubai,14.10788345336914°C,44.14%
2023-06-01T04:45:00+04:00 Dubai,14.10788345336914°C,44.14%
2023-06-01T04:50:00+04:00 Dubai,14.10788345336914°C,44.14%
2023-06-01T04:55:00+04:00 Dubai,14.10788345336914°C,44.14%
2023-06-01T05:00:00+04:00 Dubai,14.10788345336914°C,44.14%
2023-06-01T05:05:00+04:00 Dubai,14.10788345336914°C,44.14%
2023-06-01T05:10:00+04:00 Dubai,14.10788345336914°C,44.14%
2023-06-01T05:15:00+04:00 Dubai,14.10788345336914°C,44.14%
2023-06-01T05:20:00+04:00 Dubai,14.10788345336914°C,44.14%
2023-06-01T05:25:00+04:00 Dubai,14.10788345336914°C,44.14%
2023-06-01T05:30:00+04:00 Dubai,14.10788345336914°C,44.14%
2023-06-01T05:35:00+04:00 Dubai,14.10788345336914°C,44.14%
2023-06-01T05:40:00+04:00 Dubai,14.10788345336914°C,44.14%
2023-06-01T05:45:00+04:00 Dubai,14.10788345336914°C,44.14%
2023-06-01T05:50:00+04:00 Dubai,14.10788345336914°C,44.14%
2023-06-01T05:55:00+04:00 Dubai,13.956506729125977°C,44.14%
2023-06-01T06:00:00+04:00 Dubai,13.956506729125977°C,44.14%
2023-06-01T06:05:00+04:00 Dubai,13.956506729125977°C,44.14%
2023-06-01T06:10:00+04:00 Dubai,13.956506729125977°C,44.14%
2023-06-01T06:15:00+04:00 Dubai,13.956506729125977°C,44.14%
2023-06-01T06:20:00+04:00 Dubai,13.956506729125977°C,44.14%
2023-06-01T06:25:00+04:00 Dubai,13.956506729125977°C,44.14%
2023-06-01T06:30:00+04:00 Dubai,13.956506729125977°C,44.14%
2023-06-01T06:35:00+04:00 Dubai,13.956506729125977°C,44.14%
2023-06-01T06:40:00+04:00 Dubai,13.956506729125977°C,44.14%
2023-06-01T06:45:00+04:00 Dubai,13.956506729125977°C,44.14%
2023-06-01T06:50:00+04:00 Dubai,13.956506729125977°C,44.14%
2023-06-01T06:55:00+04:00 Dubai,14.105406761169434°C,44.14%
2023-06-01T07:00:00+04:00 Dubai,14.105406761169434°C,44.14%
2023-06-01T07:05:00+04:00 Dubai,14.901540756225586°C,47.89%
2023-06-01T07:10:00+04:00 Dubai,15.051982879638672°C,51.00%
2023-06-01T07:15:00+04:00 Dubai,15.051982879638672°C,54.45%
2023-06-01T07:20:00+04:00 Dubai,14.903178215026855°C,54.45%
2023-06-01T07:25:00+04:00 Dubai,14.903178215026855°C,56.67%
2023-06-01T07:30:00+04:00 Dubai,14.75448226928711°C,57.82%
2023-06-01T07:35:00+04:00 Dubai,14.904172897338867°C,60.22%
2023-06-01T07:40:00+04:00 Dubai,15.055098533630371°C,64.73%
2023-06-01T07:45:00+04:00 Dubai,15.204178810119629°C,68.89%
2023-06-01T07:50:00+04:00 Dubai,15.355630874633789°C,73.50%
2023-06-01T07:55:00+04:00 Dubai,15.355630874633789°C,79.91%
2023-06-01T08:00:00+04:00 Dubai,15.355630874633789°C,85.16%
2023-06-01T08:05:00+04:00 Dubai,15.355630874633789°C,91.14%
2023-06-01T08:10:00+04:00 Dubai,15.177947044372559°C,94.13%
2023-06-01T08:15:00+04:00 Dubai,14.68454360961914°C,92.14%
2023-06-01T08:20:00+04:00 Dubai,13.260150909423828°C,86.32%
2023-06-01T08:25:00+04:00 Dubai,12.944777488708496°C,80.43%
2023-06-01T08:30:00+04:00 Dubai,12.944777488708496°C,78.88%
2023-06-01T08:35:00+04:00 Dubai,12.944777488708496°C,75.51%
2023-06-01T08:40:00+04:00 Dubai,12.944777488708496°C,73.35%
2023-06-01T08:45:00+04:00 Dubai,12.944777488708496°C,70.72%
2023-06-01T08:50:00+04:00 Dubai,12.944777488708496°C,69.41%
2023-06-01T08:55:00+04:00 Dubai,13.094948768615723°C,68.28%
2023-06-01T09:00:00+04:00 Dubai,13.094948768615723°C,67.04%
2023-06-01T09:05:00+04:00 Dubai,13.243953704833984°C,67.04%
2023-06-01T09:10:00+04:00 Dubai,13.243953704833984°C,65.89%
2023-06-01T09:15:00+04:00 Dubai,13.393645286560059°C,65.89%
2023-06-01T09:20:00+04:00 Dubai,13.393645286560059°C,65.89%
2023-06-01T09:25:00+04:00 Dubai,13.393645286560059°C,65.89%
2023-06-01T09:30:00+04:00 Dubai,13.393645286560059°C,65.89%
2023-06-01T09:35:00+04:00 Dubai,13.393645286560059°C,65.89%
2023-06-01T09:40:00+04:00 Dubai,13.542815208435059°C,65.89%
2023-06-01T09:45:00+04:00 Dubai,13.542815208435059°C,65.89%
2023-06-01T09:50:00+04:00 Dubai,13.542815208435059°C,65.89%
2023-06-01T09:55:00+04:00 Dubai,13.542815208435059°C,65.89%
2023-06-01T10:00:00+04:00 Dubai,13.542815208435059°C,65.89%
2023-06-01T10:05:00+04:00 Dubai,13.691701889038086°C,65.89%
2023-06-01T10:10:00+04:00 Dubai,13.691701889038086°C,65.89%
2023-06-01T10:15:00+04:00 Dubai,13.691701889038086°C,65.89%
2023-06-01T10:20:00+04:00 Dubai,13.691701889038086°C,65.89%
2023-06-01T10:25:00+04:00 Dubai,13.691701889038086°C,65.89%
2023-06-01T10:30:00+04:00 Dubai,13.691701889038086°C,65.89%
2023-06-01T10:35:00+04:00 Dubai,13.691701889038086°C,65.89%
2023-06-01T10:40:00+04:00 Dubai,13.691701889038086°C,65.89%
2023-06-01T10:45:00+04:00 Dubai,13.691701889038086°C,65.89%
2023-06-01T10:50:00+04:00 Dubai,13.691701889038086°C,65.89%
2023-06-01T10:55:00+04:00 Dubai,13.840753555297852°C,65.89%
2023-06-01T11:00:00+04:00 Dubai,13.840753555297852°C,65.89%
2023-06-01T11:05:00+04:00 Dubai,13.840753555297852°C,65.89%
2023-06-01T11:10:00+04:00 Dubai,13.840753555297852°C,65.89%
2023-06-01T11:15:00+04:00 Dubai,13.840753555297852°C,65.89%
2023-06-01T11:20:00+04:00 Dubai,13.840753555297852°C,65.89%
2023-06-01T11:25:00+04:00 Dubai,13.840753555297852°C,65.89%
2023-06-01T11:30:00+04:00 Dubai,13.840753555297852°C,65.89%
2023-06-01T11:35:00+04:00 Dubai,13.840753555297852°C,65.89%
2023-06-01T11:40:00+04:00 Dubai,13.840753555297852°C,65.89%
2023-06-01T11:45:00+04:00 Dubai,13.840753555297852°C,65.89%
2023-06-01T11:50:00+04:00 Dubai,13.840753555297852°C,65.89%
2023-06-01T11:55:00+04:00 Dubai,13.840753555297852°C,65.89%
2023-06-01T12:00:00+04:00 Dubai,13.840753555297852°C,65.89%
2023-06-01T12:05:00+04:00 Dubai,13.69153881072998°C,65.89%
2023-06-01T12:10:00+04:00 Dubai,13.69153881072998°C,65.89%
2023-06-01T12:15:00+04:00 Dubai,13.69153881072998°C,65.89%
2023-06-01T12:20:00+04:00 Dubai,13.69153881072998°C,65.89%
2023-06-01T12:25:00+04:00 Dubai,13.69153881072998°C,65.89%
2023-06-01T12:30:00+04:00 Dubai,13.69153881072998°C,65.89%
2023-06-01T12:35:00+04:00 Dubai,13.69153881072998°C,65.89%
2023-06-01T12:40:00+04:00 Dubai,13.69153881072998°C,65.89%
2023-06-01T12:45:00+04:00 Dubai,13.69153881072998°C,65.89%
2023-06-01T12:50:00+04:00 Dubai,13.69153881072998°C,65.89%
2023-06-01T12:55:00+04:00 Dubai,13.69153881072998°C,65.89%
2023-06-01T13:00:00+04:00 Dubai,13.69153881072998°C,65.89%
2023-06-01T13:05:00+04:00 Dubai,13.540966033935547°C,65.89%
2023-06-01T13:10:00+04:00 Dubai,13.540966033935547°C,65.89%
2023-06-01T13:15:00+04:00 Dubai,13.540966033935547°C,65.89%
2023-06-01T13:20:00+04:00 Dubai,13.540966033935547°C,65.89%
2023-06-01T13:25:00+04:00 Dubai,13.540966033935547°C,65.89%
2023-06-01T13:30:00+04:00 Dubai,13.540966033935547°C,65.89%
2023-06-01T13:35:00+04:00 Dubai,13.540966033935547°C,65.89%
2023-06-01T13:40:00+04:00 Dubai,13.540966033935547°C,65.89%
2023-06-01T13:45:00+04:00 Dubai,13.540966033935547°C,65.89%
2023-06-01T13:50:00+04:00 Dubai,13.540966033935547°C,65.89%
2023-06-01T13:55:00+04:00 Dubai,13.540966033935547°C,65.89%
2023-06-01T14:00:00+04:00 Dubai,13.540966033935547°C,65.89%
2023-06-01T14:05:00+04:00 Dubai,13.540966033935547°C,65.89%
2023-06-01T14:10:00+04:00 Dubai,13.540966033935547°C,65.89%
2023-06-01T14:15:00+04:00 Dubai,13.540966033935547°C,65.89%
2023-06-01T14:20:00+04:00 Dubai,13.540966033935547°C,65.89%
2023-06-01T14:25:00+04:00 Dubai,13.540966033935547°C,65.89%
2023-06-01T14:30:00+04:00 Dubai,13.540966033935547°C,65.89%
2023-06-01T14:35:00+04:00 Dubai,13.540966033935547°C,65.89%
2023-06-01T14:40:00+04:00 Dubai,13.540966033935547°C,65.89%
2023-06-01T14:45:00+04:00 Dubai,13.540966033935547°C,65.89%
2023-06-01T14:50:00+04:00 Dubai,13.689895629882812°C,65.89%
2023-06-01T14:55:00+04:00 Dubai,13.689895629882812°C,65.89%
2023-06-01T15:00:00+04:00 Dubai,13.689895629882812°C,65.89%
2023-06-01T15:05:00+04:00 Dubai,13.689895629882812°C,65.89%
2023-06-01T15:10:00+04:00 Dubai,13.689895629882812°C,65.89%
2023-06-01T15:15:00+04:00 Dubai,13.689895629882812°C,65.89%
2023-06-01T15:20:00+04:00 Dubai,13.689895629882812°C,65.89%
2023-06-01T15:25:00+04:00 Dubai,13.5394868850708°C,65.89%
2023-06-01T15:30:00+04:00 Dubai,13.5394868850708°C,65.89%
2023-06-01T15:35:00+04:00 Dubai,13.5394868850708°C,65.89%
2023-06-01T15:40:00+04:00 Dubai,13.5394868850708°C,65.89%
2023-06-01T15:45:00+04:00 Dubai,13.5394868850708°C,65.89%
2023-06-01T15:50:00+04:00 Dubai,13.5394868850708°C,65.89%
2023-06-01T15:55:00+04:00 Dubai,13.5394868850708°C,64.84%
2023-06-01T16:00:00+04:00 Dubai,13.5394868850708°C,64.84%
2023-06-01T16:05:00+04:00 Dubai,13.5394868850708°C,64.84%
2023-06-01T16:10:00+04:00 Dubai,13.5394868850708°C,64.84%
2023-06-01T16:15:00+04:00 Dubai,13.389991760253906°C,63.71%
2023-06-01T16:20:00+04:00 Dubai,13.389991760253906°C,63.71%
2023-06-01T16:25:00+04:00 Dubai,13.389991760253906°C,62.69%
2023-06-01T16:30:00+04:00 Dubai,13.538802146911621°C,62.69%
2023-06-01T16:35:00+04:00 Dubai,13.538802146911621°C,62.69%
2023-06-01T16:40:00+04:00 Dubai,13.538802146911621°C,62.69%
2023-06-01T16:45:00+04:00 Dubai,13.538802146911621°C,62.69%
2023-06-01T16:50:00+04:00 Dubai,13.538802146911621°C,62.69%
2023-06-01T16:55:00+04:00 Dubai,13.538802146911621°C,62.69%
2023-06-01T17:00:00+04:00 Dubai,13.538802146911621°C,62.69%
2023-06-01T17:05:00+04:00 Dubai,13.538802146911621°C,62.69%
2023-06-01T17:10:00+04:00 Dubai,13.538802146911621°C,62.69%
2023-06-01T17:15:00+04:00 Dubai,13.538802146911621°C,62.69%
2023-06-01T17:20:00+04:00 Dubai,13.538802146911621°C,62.69%
2023-06-01T17:25:00+04:00 Dubai,13.538802146911621°C,62.69%
2023-06-01T17:30:00+04:00 Dubai,13.538802146911621°C,62.69%
2023-06-01T17:35:00+04:00 Dubai,13.389732360839844°C,60.70%
2023-06-01T17:40:00+04:00 Dubai,13.389732360839844°C,59.57%
2023-06-01T17:45:00+04:00 Dubai,13.389732360839844°C,59.57%
2023-06-01T17:50:00+04:00 Dubai,13.389732360839844°C,58.52%
2023-06-01T17:55:00+04:00 Dubai,13.389732360839844°C,57.30%
2023-06-01T18:00:00+04:00 Dubai,13.389732360839844°C,57.26%
2023-06-01T18:05:00+04:00 Dubai,13.539556503295898°C,57.26%
2023-06-01T18:10:00+04:00 Dubai,13.539556503295898°C,57.26%
2023-06-01T18:15:00+04:00 Dubai,13.539556503295898°C,57.26%
2023-06-01T18:20:00+04:00 Dubai,13.539556503295898°C,57.26%
2023-06-01T18:25:00+04:00 Dubai,13.539556503295898°C,57.26%
2023-06-01T18:30:00+04:00 Dubai,13.539556503295898°C,57.26%
2023-06-01T18:35:00+04:00 Dubai,13.389981269836426°C,57.26%
2023-06-01T18:40:00+04:00 Dubai,13.389981269836426°C,55.10%
2023-06-01T18:45:00+04:00 Dubai,13.389981269836426°C,55.10%
2023-06-01T18:50:00+04:00 Dubai,13.239059448242188°C,52.25%
2023-06-01T18:55:00+04:00 Dubai,13.239059448242188°C,52.25%
2023-06-01T19:00:00+04:00 Dubai,13.239059448242188°C,51.11%
2023-06-01T19:05:00+04:00 Dubai,13.239059448242188°C,48.33%
2023-06-01T19:10:00+04:00 Dubai,13.391104698181152°C,49.56%
2023-06-01T19:15:00+04:00 Dubai,13.541059494018555°C,50.59%
2023-06-01T19:20:00+04:00 Dubai,13.541059494018555°C,50.59%
2023-06-01T19:25:00+04:00 Dubai,13.689854621887207°C,50.59%
2023-06-01T19:30:00+04:00 Dubai,13.998101234436035°C,50.59%
2023-06-01T19:35:00+04:00 Dubai,14.147863388061523°C,50.59%
2023-06-01T19:40:00+04:00 Dubai,13.998970985412598°C,50.59%
2023-06-01T19:45:00+04:00 Dubai,13.850242614746094°C,50.59%
2023-06-01T19:50:00+04:00 Dubai,13.850242614746094°C,50.59%
2023-06-01T19:55:00+04:00 Dubai,13.850242614746094°C,50.59%
2023-06-01T20:00:00+04:00 Dubai,13.850242614746094°C,50.59%
2023-06-01T20:05:00+04:00 Dubai,13.850242614746094°C,50.59%
2023-06-01T20:10:00+04:00 Dubai,13.850242614746094°C,50.59%
2023-06-01T20:15:00+04:00 Dubai,13.850242614746094°C,50.59%
2023-06-01T20:20:00+04:00 Dubai,13.850242614746094°C,50.59%
2023-06-01T20:25:00+04:00 Dubai,13.850242614746094°C,50.59%
2023-06-01T20:30:00+04:00 Dubai,13.701173782348633°C,50.59%
2023-06-01T20:35:00+04:00 Dubai,13.701173782348633°C,50.59%
2023-06-01T20:40:00+04:00 Dubai,13.701173782348633°C,50.59%
2023-06-01T20:45:00+04:00 Dubai,13.701173782348633°C,50.59%
2023-06-01T20:50:00+04:00 Dubai,13.701173782348633°C,50.59%
2023-06-01T20:55:00+04:00 Dubai,13.701173782348633°C,50.59%
2023-06-01T21:00:00+04:00 Dubai,13.552209854125977°C,50.59%
2023-06-01T21:05:00+04:00 Dubai,13.552209854125977°C,50.59%
2023-06-01T21:10:00+04:00 Dubai,13.552209854125977°C,50.59%
2023-06-01T21:15:00+04:00 Dubai,13.552209854125977°C,50.59%
2023-06-01T21:20:00+04:00 Dubai,13.552209854125977°C,50.59%
2023-06-01T21:25:00+04:00 Dubai,13.552209854125977°C,50.59%
2023-06-01T21:30:00+04:00 Dubai,13.552209854125977°C,50.59%
2023-06-01T21:35:00+04:00 Dubai,13.552209854125977°C,50.59%
2023-06-01T21:40:00+04:00 Dubai,13.552209854125977°C,50.59%
2023-06-01T21:45:00+04:00 Dubai,13.552209854125977°C,50.59%
2023-06-01T21:50:00+04:00 Dubai,13.552209854125977°C,49.58%
2023-06-01T21:55:00+04:00 Dubai,13.552209854125977°C,49.58%
2023-06-01T22:00:00+04:00 Dubai,13.552209854125977°C,49.58%
2023-06-01T22:05:00+04:00 Dubai,13.552209854125977°C,49.58%
2023-06-01T22:10:00+04:00 Dubai,13.552209854125977°C,49.58%
2023-06-01T22:15:00+04:00 Dubai,13.552209854125977°C,49.58%
2023-06-01T22:20:00+04:00 Dubai,13.552209854125977°C,49.58%
2023-06-01T22:25:00+04:00 Dubai,13.552209854125977°C,49.58%
2023-06-01T22:30:00+04:00 Dubai,13.552209854125977°C,49.58%
2023-06-01T22:35:00+04:00 Dubai,13.552209854125977°C,49.58%
2023-06-01T22:40:00+04:00 Dubai,13.552209854125977°C,48.57%
2023-06-01T22:45:00+04:00 Dubai,13.552209854125977°C,48.57%
2023-06-01T22:50:00+04:00 Dubai,13.552209854125977°C,48.57%
2023-06-01T22:55:00+04:00 Dubai,13.552209854125977°C,48.57%
2023-06-01T23:00:00+04:00 Dubai,13.552209854125977°C,48.57%
2023-06-01T23:05:00+04:00 Dubai,13.552209854125977°C,48.57%
2023-06-01T23:10:00+04:00 Dubai,13.552209854125977°C,48.57%
2023-06-01T23:15:00+04:00 Dubai,13.552209854125977°C,47.53%
2023-06-01T23:20:00+04:00 Dubai,13.552209854125977°C,47.53%
2023-06-01T23:25:00+04:00 Dubai,13.403045654296875°C,46.46%
2023-06-01T23:30:00+04:00 Dubai,13.403045654296875°C,45.43%
2023-06-01T23:35:00+04:00 Dubai,13.403045654296875°C,44.42%
2023-06-01T23:40:00+04:00 Dubai,13.403045654296875°C,44.42%
2023-06-01T23:45:00+04:00 Dubai,13.552645683288574°C,44.42%
2023-06-01T23:50:00+04:00 Dubai,13.552645683288574°C,44.42%
2023-06-01T23:55:00+04:00 Dubai,13.552645683288574°C,44.42%
2023-06-02T00:00:00+04:00 Dubai,16.44867706298828°C,0%
2023-06-02T00:05:00+04:00 Dubai,17.551910400390625°C,0%
2023-06-02T00:10:00+04:00 Dubai,15.15142822265625°C,31.83%
2023-06-02T00:15:00+04:00 Dubai,15.453139305114746°C,39.10%
2023-06-02T00:20:00+04:00 Dubai,15.142830848693848°C,40.94%
2023-06-02T00:25:00+04:00 Dubai,14.841257095336914°C,39.84%
2023-06-02T00:30:00+04:00 Dubai,14.841257095336914°C,39.84%
2023-06-02T00:35:00+04:00 Dubai,14.690229415893555°C,39.84%
2023-06-02T00:40:00+04:00 Dubai,14.690229415893555°C,39.84%
2023-06-02T00:45:00+04:00 Dubai,14.540297508239746°C,39.84%
2023-06-02T00:50:00+04:00 Dubai,14.540297508239746°C,39.84%
2023-06-02T00:55:00+04:00 Dubai,14.540297508239746°C,40.84%
2023-06-02T01:00:00+04:00 Dubai,14.540297508239746°C,40.84%
2023-06-02T01:05:00+04:00 Dubai,14.540297508239746°C,41.86%
2023-06-02T01:10:00+04:00 Dubai,14.540297508239746°C,41.86%
2023-06-02T01:15:00+04:00 Dubai,14.540297508239746°C,41.86%
2023-06-02T01:20:00+04:00 Dubai,14.540297508239746°C,42.88%
2023-06-02T01:25:00+04:00 Dubai,14.540297508239746°C,42.88%
2023-06-02T01:30:00+04:00 Dubai,14.540297508239746°C,43.92%
2023-06-02T01:35:00+04:00 Dubai,14.540297508239746°C,45.01%
2023-06-02T01:40:00+04:00 Dubai,14.540297508239746°C,45.01%
2023-06-02T01:45:00+04:00 Dubai,14.540297508239746°C,46.19%
2023-06-02T01:50:00+04:00 Dubai,14.241472244262695°C,45.19%
2023-06-02T01:55:00+04:00 Dubai,14.241472244262695°C,45.19%
2023-06-02T02:00:00+04:00 Dubai,14.241472244262695°C,45.19%
2023-06-02T02:05:00+04:00 Dubai,14.241472244262695°C,45.19%
2023-06-02T02:10:00+04:00 Dubai,14.090461730957031°C,45.19%
2023-06-02T02:15:00+04:00 Dubai,14.090461730957031°C,45.19%
2023-06-02T02:20:00+04:00 Dubai,14.090461730957031°C,45.19%
2023-06-02T02:25:00+04:00 Dubai,14.090461730957031°C,45.19%
2023-06-02T02:30:00+04:00 Dubai,14.090461730957031°C,45.19%
2023-06-02T02:35:00+04:00 Dubai,14.090461730957031°C,45.19%
2023-06-02T02:40:00+04:00 Dubai,14.090461730957031°C,45.19%
2023-06-02T02:45:00+04:00 Dubai,14.090461730957031°C,45.19%
2023-06-02T02:50:00+04:00 Dubai,14.090461730957031°C,45.19%
2023-06-02T02:55:00+04:00 Dubai,14.090461730957031°C,45.19%
2023-06-02T03:00:00+04:00 Dubai,14.090461730957031°C,45.19%
2023-06-02T03:05:00+04:00 Dubai,14.090461730957031°C,45.19%
2023-06-02T03:10:00+04:00 Dubai,14.090461730957031°C,45.19%
2023-06-02T03:15:00+04:00 Dubai,14.090461730957031°C,45.19%
2023-06-02T03:20:00+04:00 Dubai,14.090461730957031°C,45.19%
2023-06-02T03:25:00+04:00 Dubai,14.090461730957031°C,45.19%
2023-06-02T03:30:00+04:00 Dubai,14.090461730957031°C,45.19%
2023-06-02T03:35:00+04:00 Dubai,14.090461730957031°C,45.19%
2023-06-02T03:40:00+04:00 Dubai,14.090461730957031°C,45.19%
2023-06-02T03:45:00+04:00 Dubai,14.090461730957031°C,45.19%
2023-06-02T03:50:00+04:00 Dubai,14.090461730957031°C,45.19%
2023-06-02T03:55:00+04:00 Dubai,14.090461730957031°C,45.19%
2023-06-02T04:00:00+04:00 Dubai,14.090461730957031°C,45.19%
2023-06-02T04:05:00+04:00 Dubai,14.090461730957031°C,45.19%
2023-06-02T04:10:00+04:00 Dubai,14.090461730957031°C,45.19%
2023-06-02T04:15:00+04:00 Dubai,14.090461730957031°C,45.19%
2023-06-02T04:20:00+04:00 Dubai,14.090461730957031°C,45.19%
2023-06-02T04:25:00+04:00 Dubai,14.090461730957031°C,45.19%
2023-06-02T04:30:00+04:00 Dubai,14.090461730957031°C,45.19%
2023-06-02T04:35:00+04:00 Dubai,14.090461730957031°C,45.19%
2023-06-02T04:40:00+04:00 Dubai,14.090461730957031°C,45.19%
2023-06-02T04:45:00+04:00 Dubai,14.090461730957031°C,45.19%
2023-06-02T04:50:00+04:00 Dubai,14.090461730957031°C,45.19%
2023-06-02T04:55:00+04:00 Dubai,14.090461730957031°C,45.19%
2023-06-02T05:00:00+04:00 Dubai,14.240372657775879°C,45.19%
2023-06-02T05:05:00+04:00 Dubai,14.39138412475586°C,45.19%
2023-06-02T05:10:00+04:00 Dubai,14.39138412475586°C,45.19%
2023-06-02T05:15:00+04:00 Dubai,14.2412691116333°C,45.19%
2023-06-02T05:20:00+04:00 Dubai,14.2412691116333°C,45.19%
2023-06-02T05:25:00+04:00 Dubai,14.2412691116333°C,45.19%
2023-06-02T05:30:00+04:00 Dubai,14.2412691116333°C,45.19%
2023-06-02T05:35:00+04:00 Dubai,14.2412691116333°C,45.19%
2023-06-02T05:40:00+04:00 Dubai,14.2412691116333°C,45.19%
2023-06-02T05:45:00+04:00 Dubai,14.2412691116333°C,45.19%
2023-06-02T05:50:00+04:00 Dubai,14.2412691116333°C,45.19%
2023-06-02T05:55:00+04:00 Dubai,14.2412691116333°C,45.19%
2023-06-02T06:00:00+04:00 Dubai,14.2412691116333°C,45.19%
2023-06-02T06:05:00+04:00 Dubai,14.2412691116333°C,45.19%
2023-06-02T06:10:00+04:00 Dubai,14.2412691116333°C,45.19%
2023-06-02T06:15:00+04:00 Dubai,14.2412691116333°C,45.19%
2023-06-02T06:20:00+04:00 Dubai,14.2412691116333°C,45.19%
2023-06-02T06:25:00+04:00 Dubai,14.2412691116333°C,45.19%
2023-06-02T06:30:00+04:00 Dubai,14.392396926879883°C,45.19%
2023-06-02T06:35:00+04:00 Dubai,14.542169570922852°C,45.19%
2023-06-02T06:40:00+04:00 Dubai,14.542169570922852°C,47.23%
2023-06-02T06:45:00+04:00 Dubai,14.691641807556152°C,48.35%
2023-06-02T06:50:00+04:00 Dubai,14.691641807556152°C,50.59%
2023-06-02T06:55:00+04:00 Dubai,14.691641807556152°C,49.49%
2023-06-02T07:00:00+04:00 Dubai,14.691641807556152°C,49.49%
2023-06-02T07:05:00+04:00 Dubai,15.00964069366455°C,56.29%
2023-06-02T07:10:00+04:00 Dubai,15.00964069366455°C,57.93%
2023-06-02T07:15:00+04:00 Dubai,15.00964069366455°C,59.30%
2023-06-02T07:20:00+04:00 Dubai,14.857674598693848°C,60.51%
2023-06-02T07:25:00+04:00 Dubai,14.857674598693848°C,61.51%
2023-06-02T07:30:00+04:00 Dubai,14.857674598693848°C,63.76%
2023-06-02T07:35:00+04:00 Dubai,14.857674598693848°C,65.76%
2023-06-02T07:40:00+04:00 Dubai,15.00858211517334°C,69.72%
2023-06-02T07:45:00+04:00 Dubai,15.158748626708984°C,75.04%
2023-06-02T07:50:00+04:00 Dubai,15.158748626708984°C,78.55%
2023-06-02T07:55:00+04:00 Dubai,15.307990074157715°C,82.94%
2023-06-02T08:00:00+04:00 Dubai,15.307990074157715°C,86.83%
2023-06-02T08:05:00+04:00 Dubai,15.307990074157715°C,90.94%
2023-06-02T08:10:00+04:00 Dubai,15.307990074157715°C,95.39%
2023-06-02T08:15:00+04:00 Dubai,15.307990074157715°C,99.11%
2023-06-02T08:20:00+04:00 Dubai,15.457196235656738°C,99.11%
2023-06-02T08:25:00+04:00 Dubai,15.457196235656738°C,99.11%
2023-06-02T08:30:00+04:00 Dubai,14.816887855529785°C,99.11%
2023-06-02T08:35:00+04:00 Dubai,13.217047691345215°C,99.11%
2023-06-02T08:40:00+04:00 Dubai,12.753841400146484°C,87.69%
2023-06-02T08:45:00+04:00 Dubai,12.753841400146484°C,85.05%
2023-06-02T08:50:00+04:00 Dubai,12.753841400146484°C,82.79%
2023-06-02T08:55:00+04:00 Dubai,12.753841400146484°C,79.02%
2023-06-02T09:00:00+04:00 Dubai,12.902400970458984°C,77.84%
2023-06-02T09:05:00+04:00 Dubai,13.052749633789062°C,75.72%
2023-06-02T09:10:00+04:00 Dubai,13.201462745666504°C,74.63%
2023-06-02T09:15:00+04:00 Dubai,13.201462745666504°C,74.63%
2023-06-02T09:20:00+04:00 Dubai,13.201462745666504°C,73.53%
2023-06-02T09:25:00+04:00 Dubai,13.350765228271484°C,73.53%
2023-06-02T09:30:00+04:00 Dubai,13.350765228271484°C,73.53%
2023-06-02T09:35:00+04:00 Dubai,13.350765228271484°C,73.53%
2023-06-02T09:40:00+04:00 Dubai,13.350765228271484°C,72.24%
2023-06-02T09:45:00+04:00 Dubai,13.499967575073242°C,72.24%
2023-06-02T09:50:00+04:00 Dubai,13.499967575073242°C,72.24%
2023-06-02T09:55:00+04:00 Dubai,13.499967575073242°C,72.24%
2023-06-02T10:00:00+04:00 Dubai,13.499967575073242°C,72.24%
2023-06-02T10:05:00+04:00 Dubai,13.499967575073242°C,72.24%
2023-06-02T10:10:00+04:00 Dubai,13.499967575073242°C,72.24%
2023-06-02T10:15:00+04:00 Dubai,13.499967575073242°C,72.24%
2023-06-02T10:20:00+04:00 Dubai,13.499967575073242°C,72.24%
2023-06-02T10:25:00+04:00 Dubai,13.499967575073242°C,72.24%
2023-06-02T10:30:00+04:00 Dubai,13.499967575073242°C,72.24%
2023-06-02T10:35:00+04:00 Dubai,13.499967575073242°C,72.24%
2023-06-02T10:40:00+04:00 Dubai,13.499967575073242°C,72.24%
2023-06-02T10:45:00+04:00 Dubai,13.499967575073242°C,72.24%
2023-06-02T10:50:00+04:00 Dubai,13.499967575073242°C,72.24%
2023-06-02T10:55:00+04:00 Dubai,13.499967575073242°C,72.24%
2023-06-02T11:00:00+04:00 Dubai,13.499967575073242°C,72.24%
2023-06-02T11:05:00+04:00 Dubai,13.499967575073242°C,72.24%
2023-06-02T11:10:00+04:00 Dubai,13.499967575073242°C,71.15%
2023-06-02T11:15:00+04:00 Dubai,13.351125717163086°C,70.07%
2023-06-02T11:20:00+04:00 Dubai,13.351125717163086°C,70.07%
2023-06-02T11:25:00+04:00 Dubai,13.351125717163086°C,68.78%
2023-06-02T11:30:00+04:00 Dubai,13.500387191772461°C,62.55%
2023-06-02T11:35:00+04:00 Dubai,13.500387191772461°C,61.47%
2023-06-02T11:40:00+04:00 Dubai,13.807121276855469°C,54.88%
2023-06-02T11:45:00+04:00 Dubai,14.109912872314453°C,56.44%
2023-06-02T11:50:00+04:00 Dubai,14.109912872314453°C,55.43%
2023-06-02T11:55:00+04:00 Dubai,14.258905410766602°C,54.36%
2023-06-02T12:00:00+04:00 Dubai,14.258905410766602°C,53.36%
2023-06-02T12:05:00+04:00 Dubai,14.258905410766602°C,52.25%
2023-06-02T12:10:00+04:00 Dubai,14.258905410766602°C,52.25%
2023-06-02T12:15:00+04:00 Dubai,14.407815933227539°C,52.25%
2023-06-02T12:20:00+04:00 Dubai,14.558481216430664°C,52.25%
2023-06-02T12:25:00+04:00 Dubai,14.558481216430664°C,52.25%
2023-06-02T12:30:00+04:00 Dubai,14.707001686096191°C,52.25%
2023-06-02T12:35:00+04:00 Dubai,14.707001686096191°C,52.25%
2023-06-02T12:40:00+04:00 Dubai,14.8574857711792°C,52.25%
2023-06-02T12:45:00+04:00 Dubai,14.8574857711792°C,52.25%
2023-06-02T12:50:00+04:00 Dubai,14.8574857711792°C,52.25%
2023-06-02T12:55:00+04:00 Dubai,14.8574857711792°C,52.25%
2023-06-02T13:00:00+04:00 Dubai,15.006075859069824°C,52.25%
2023-06-02T13:05:00+04:00 Dubai,15.006075859069824°C,52.25%
2023-06-02T13:10:00+04:00 Dubai,15.006075859069824°C,52.25%
2023-06-02T13:15:00+04:00 Dubai,15.006075859069824°C,52.25%
2023-06-02T13:20:00+04:00 Dubai,15.006075859069824°C,52.25%
2023-06-02T13:25:00+04:00 Dubai,14.856280326843262°C,52.25%
2023-06-02T13:30:00+04:00 Dubai,14.856280326843262°C,52.25%
2023-06-02T13:35:00+04:00 Dubai,14.856280326843262°C,52.25%
2023-06-02T13:40:00+04:00 Dubai,14.856280326843262°C,52.25%
2023-06-02T13:45:00+04:00 Dubai,14.856280326843262°C,52.25%
2023-06-02T13:50:00+04:00 Dubai,14.856280326843262°C,52.25%
2023-06-02T13:55:00+04:00 Dubai,14.856280326843262°C,52.25%
2023-06-02T14:00:00+04:00 Dubai,14.856280326843262°C,52.25%
2023-06-02T14:05:00+04:00 Dubai,14.856280326843262°C,52.25%
2023-06-02T14:10:00+04:00 Dubai,14.856280326843262°C,52.25%
2023-06-02T14:15:00+04:00 Dubai,14.856280326843262°C,52.25%
2023-06-02T14:20:00+04:00 Dubai,14.856280326843262°C,52.25%
2023-06-02T14:25:00+04:00 Dubai,14.856280326843262°C,52.25%
2023-06-02T14:30:00+04:00 Dubai,14.856280326843262°C,52.25%
2023-06-02T14:35:00+04:00 Dubai,15.005638122558594°C,52.25%
2023-06-02T14:40:00+04:00 Dubai,15.005638122558594°C,52.25%
2023-06-02T14:45:00+04:00 Dubai,15.005638122558594°C,52.25%
2023-06-02T14:50:00+04:00 Dubai,15.005638122558594°C,52.25%
2023-06-02T14:55:00+04:00 Dubai,15.005638122558594°C,52.25%
2023-06-02T15:00:00+04:00 Dubai,15.005638122558594°C,52.25%
2023-06-02T15:05:00+04:00 Dubai,15.005638122558594°C,52.25%
2023-06-02T15:10:00+04:00 Dubai,15.005638122558594°C,52.25%
2023-06-02T15:15:00+04:00 Dubai,15.005638122558594°C,52.25%
2023-06-02T15:20:00+04:00 Dubai,15.156911849975586°C,52.25%
2023-06-02T15:25:00+04:00 Dubai,15.156911849975586°C,52.25%
2023-06-02T15:30:00+04:00 Dubai,15.156911849975586°C,52.25%
2023-06-02T15:35:00+04:00 Dubai,15.156911849975586°C,52.25%
2023-06-02T15:40:00+04:00 Dubai,15.156911849975586°C,52.25%
2023-06-02T15:45:00+04:00 Dubai,15.156911849975586°C,52.25%
2023-06-02T15:50:00+04:00 Dubai,15.156911849975586°C,52.25%
2023-06-02T15:55:00+04:00 Dubai,15.156911849975586°C,52.25%
2023-06-02T16:00:00+04:00 Dubai,15.156911849975586°C,52.25%
2023-06-02T16:05:00+04:00 Dubai,15.156911849975586°C,52.25%
2023-06-02T16:10:00+04:00 Dubai,15.156911849975586°C,52.25%
2023-06-02T16:15:00+04:00 Dubai,15.156911849975586°C,52.25%
2023-06-02T16:20:00+04:00 Dubai,15.156911849975586°C,52.25%
2023-06-02T16:25:00+04:00 Dubai,15.156911849975586°C,52.25%
2023-06-02T16:30:00+04:00 Dubai,15.007599830627441°C,52.25%
2023-06-02T16:35:00+04:00 Dubai,15.007599830627441°C,52.25%
2023-06-02T16:40:00+04:00 Dubai,15.007599830627441°C,52.25%
2023-06-02T16:45:00+04:00 Dubai,15.007599830627441°C,52.25%
2023-06-02T16:50:00+04:00 Dubai,14.858908653259277°C,52.25%
2023-06-02T16:55:00+04:00 Dubai,14.858908653259277°C,52.25%
2023-06-02T17:00:00+04:00 Dubai,14.858908653259277°C,52.25%
2023-06-02T17:05:00+04:00 Dubai,14.858908653259277°C,52.25%
2023-06-02T17:10:00+04:00 Dubai,14.858908653259277°C,52.25%
2023-06-02T17:15:00+04:00 Dubai,14.858908653259277°C,52.25%
2023-06-02T17:20:00+04:00 Dubai,14.858908653259277°C,52.25%
2023-06-02T17:25:00+04:00 Dubai,14.858908653259277°C,52.25%
2023-06-02T17:30:00+04:00 Dubai,14.858908653259277°C,52.25%
2023-06-02T17:35:00+04:00 Dubai,14.858908653259277°C,52.25%
2023-06-02T17:40:00+04:00 Dubai,14.858908653259277°C,52.25%
2023-06-02T17:45:00+04:00 Dubai,14.709970474243164°C,52.25%
2023-06-02T17:50:00+04:00 Dubai,14.709970474243164°C,52.25%
2023-06-02T17:55:00+04:00 Dubai,14.709970474243164°C,52.25%
2023-06-02T18:00:00+04:00 Dubai,14.709970474243164°C,52.25%
2023-06-02T18:05:00+04:00 Dubai,14.709970474243164°C,52.25%
2023-06-02T18:10:00+04:00 Dubai,14.709970474243164°C,52.25%
2023-06-02T18:15:00+04:00 Dubai,14.56064224243164°C,52.25%
2023-06-02T18:20:00+04:00 Dubai,14.56064224243164°C,52.25%
2023-06-02T18:25:00+04:00 Dubai,14.56064224243164°C,52.25%
2023-06-02T18:30:00+04:00 Dubai,14.411910057067871°C,52.25%
2023-06-02T18:35:00+04:00 Dubai,14.411910057067871°C,50.91%
2023-06-02T18:40:00+04:00 Dubai,14.411910057067871°C,49.82%
2023-06-02T18:45:00+04:00 Dubai,14.261505126953125°C,47.24%
2023-06-02T18:50:00+04:00 Dubai,14.410224914550781°C,48.47%
2023-06-02T18:55:00+04:00 Dubai,14.410224914550781°C,48.47%
2023-06-02T19:00:00+04:00 Dubai,14.410224914550781°C,48.47%
2023-06-02T19:05:00+04:00 Dubai,14.410224914550781°C,46.25%
2023-06-02T19:10:00+04:00 Dubai,14.410224914550781°C,46.25%
2023-06-02T19:15:00+04:00 Dubai,14.410224914550781°C,45.22%
2023-06-02T19:20:00+04:00 Dubai,14.410224914550781°C,45.22%
2023-06-02T19:25:00+04:00 Dubai,14.410224914550781°C,44.16%
2023-06-02T19:30:00+04:00 Dubai,14.563254356384277°C,44.16%
2023-06-02T19:35:00+04:00 Dubai,14.563254356384277°C,44.16%
2023-06-02T19:40:00+04:00 Dubai,14.563254356384277°C,44.16%
2023-06-02T19:45:00+04:00 Dubai,14.563254356384277°C,44.16%
2023-06-02T19:50:00+04:00 Dubai,14.563254356384277°C,44.16%
2023-06-02T19:55:00+04:00 Dubai,14.563254356384277°C,44.16%
2023-06-02T20:00:00+04:00 Dubai,14.414423942565918°C,44.16%
2023-06-02T20:05:00+04:00 Dubai,14.566911697387695°C,43.11%
2023-06-02T20:10:00+04:00 Dubai,14.566911697387695°C,43.11%
2023-06-02T20:15:00+04:00 Dubai,14.715920448303223°C,43.11%
2023-06-02T20:20:00+04:00 Dubai,14.715920448303223°C,43.11%
2023-06-02T20:25:00+04:00 Dubai,14.715920448303223°C,43.11%
2023-06-02T20:30:00+04:00 Dubai,14.715920448303223°C,43.11%
2023-06-02T20:35:00+04:00 Dubai,14.715920448303223°C,43.11%
2023-06-02T20:40:00+04:00 Dubai,14.715920448303223°C,43.11%
2023-06-02T20:45:00+04:00 Dubai,14.715920448303223°C,43.11%
2023-06-02T20:50:00+04:00 Dubai,14.715920448303223°C,43.11%
2023-06-02T20:55:00+04:00 Dubai,14.715920448303223°C,43.11%
2023-06-02T21:00:00+04:00 Dubai,14.715920448303223°C,43.11%
2023-06-02T21:05:00+04:00 Dubai,14.715920448303223°C,43.11%
2023-06-02T21:10:00+04:00 Dubai,14.567201614379883°C,43.11%
2023-06-02T21:15:00+04:00 Dubai,14.716158866882324°C,43.11%
2023-06-02T21:20:00+04:00 Dubai,14.563384056091309°C,43.11%
2023-06-02T21:25:00+04:00 Dubai,14.563384056091309°C,43.11%
2023-06-02T21:30:00+04:00 Dubai,14.413822174072266°C,43.11%
2023-06-02T21:35:00+04:00 Dubai,14.413822174072266°C,40.87%
2023-06-02T21:40:00+04:00 Dubai,14.26372241973877°C,39.80%
2023-06-02T21:45:00+04:00 Dubai,14.417046546936035°C,39.95%
2023-06-02T21:50:00+04:00 Dubai,14.566070556640625°C,39.95%
2023-06-02T21:55:00+04:00 Dubai,14.566070556640625°C,39.95%
2023-06-02T22:00:00+04:00 Dubai,14.566070556640625°C,39.95%
2023-06-02T22:05:00+04:00 Dubai,14.566070556640625°C,39.95%
2023-06-02T22:10:00+04:00 Dubai,14.566070556640625°C,39.95%
2023-06-02T22:15:00+04:00 Dubai,14.71475887298584°C,39.95%
2023-06-02T22:20:00+04:00 Dubai,14.71475887298584°C,39.95%
2023-06-02T22:25:00+04:00 Dubai,14.71475887298584°C,39.95%
2023-06-02T22:30:00+04:00 Dubai,14.71475887298584°C,39.95%
2023-06-02T22:35:00+04:00 Dubai,14.71475887298584°C,39.95%
2023-06-02T22:40:00+04:00 Dubai,14.71475887298584°C,39.95%
2023-06-02T22:45:00+04:00 Dubai,14.71475887298584°C,39.95%
2023-06-02T22:50:00+04:00 Dubai,14.71475887298584°C,39.95%
2023-06-02T22:55:00+04:00 Dubai,14.71475887298584°C,39.95%
2023-06-02T23:00:00+04:00 Dubai,14.71475887298584°C,39.95%
2023-06-02T23:05:00+04:00 Dubai,14.71475887298584°C,39.95%
2023-06-02T23:10:00+04:00 Dubai,14.71475887298584°C,39.95%
2023-06-02T23:15:00+04:00 Dubai,14.71475887298584°C,39.95%
2023-06-02T23:20:00+04:00 Dubai,14.71475887298584°C,39.95%
2023-06-02T23:25:00+04:00 Dubai,14.71475887298584°C,39.95%
2023-06-02T23:30:00+04:00 Dubai,14.71475887298584°C,39.95%
2023-06-02T23:35:00+04:00 Dubai,14.71475887298584°C,39.95%
2023-06-02T23:40:00+04:00 Dubai,14.71475887298584°C,39.95%
2023-06-02T23:45:00+04:00 Dubai,14.71475887298584°C,39.95%
2023-06-02T23:50:00+04:00 Dubai,14.71475887298584°C,39.95%
2023-06-02T23:55:00+04:00 Dubai,14.71475887298584°C,39.95%
2023-06-03T00:00:00+04:00 Dubai,17.265243530273438°C,2.41%
2023-06-03T00:05:00+04:00 Dubai,18.338085174560547°C,4.74%
2023-06-03T00:10:00+04:00 Dubai,16.056795120239258°C,30.11%
2023-06-03T00:15:00+04:00 Dubai,16.208162307739258°C,35.19%
2023-06-03T00:20:00+04:00 Dubai,16.208162307739258°C,38.02%
2023-06-03T00:25:00+04:00 Dubai,16.208162307739258°C,40.75%
2023-06-03T00:30:00+04:00 Dubai,15.598808288574219°C,36.69%
2023-06-03T00:35:00+04:00 Dubai,15.598808288574219°C,36.69%
2023-06-03T00:40:00+04:00 Dubai,15.448724746704102°C,36.69%
2023-06-03T00:45:00+04:00 Dubai,15.448724746704102°C,36.69%
2023-06-03T00:50:00+04:00 Dubai,15.448724746704102°C,36.69%
2023-06-03T00:55:00+04:00 Dubai,15.448724746704102°C,36.69%
2023-06-03T01:00:00+04:00 Dubai,15.448724746704102°C,36.69%
2023-06-03T01:05:00+04:00 Dubai,15.300138473510742°C,36.69%
2023-06-03T01:10:00+04:00 Dubai,15.300138473510742°C,36.69%
2023-06-03T01:15:00+04:00 Dubai,15.300138473510742°C,36.69%
2023-06-03T01:20:00+04:00 Dubai,15.300138473510742°C,36.69%
2023-06-03T01:25:00+04:00 Dubai,15.300138473510742°C,36.69%
2023-06-03T01:30:00+04:00 Dubai,15.300138473510742°C,36.69%
2023-06-03T01:35:00+04:00 Dubai,15.300138473510742°C,36.69%
2023-06-03T01:40:00+04:00 Dubai,15.300138473510742°C,36.69%
2023-06-03T01:45:00+04:00 Dubai,15.15151596069336°C,36.69%
2023-06-03T01:50:00+04:00 Dubai,15.15151596069336°C,36.69%
2023-06-03T01:55:00+04:00 Dubai,15.15151596069336°C,36.69%
2023-06-03T02:00:00+04:00 Dubai,15.15151596069336°C,36.69%
2023-06-03T02:05:00+04:00 Dubai,15.15151596069336°C,36.69%
2023-06-03T02:10:00+04:00 Dubai,15.15151596069336°C,36.69%
2023-06-03T02:15:00+04:00 Dubai,15.15151596069336°C,36.69%
2023-06-03T02:20:00+04:00 Dubai,15.15151596069336°C,36.69%
2023-06-03T02:25:00+04:00 Dubai,15.15151596069336°C,36.69%
2023-06-03T02:30:00+04:00 Dubai,15.15151596069336°C,36.69%
2023-06-03T02:35:00+04:00 Dubai,15.15151596069336°C,36.69%
2023-06-03T02:40:00+04:00 Dubai,15.15151596069336°C,36.69%
2023-06-03T02:45:00+04:00 Dubai,15.15151596069336°C,36.69%
2023-06-03T02:50:00+04:00 Dubai,15.15151596069336°C,36.69%
2023-06-03T02:55:00+04:00 Dubai,15.15151596069336°C,36.69%
2023-06-03T03:00:00+04:00 Dubai,15.15151596069336°C,36.69%
2023-06-03T03:05:00+04:00 Dubai,15.15151596069336°C,36.69%
2023-06-03T03:10:00+04:00 Dubai,15.15151596069336°C,36.69%
2023-06-03T03:15:00+04:00 Dubai,15.15151596069336°C,36.69%
2023-06-03T03:20:00+04:00 Dubai,15.15151596069336°C,36.69%
2023-06-03T03:25:00+04:00 Dubai,15.15151596069336°C,36.69%
2023-06-03T03:30:00+04:00 Dubai,15.00275993347168°C,36.69%
2023-06-03T03:35:00+04:00 Dubai,15.00275993347168°C,36.69%
2023-06-03T03:40:00+04:00 Dubai,15.00275993347168°C,36.69%
2023-06-03T03:45:00+04:00 Dubai,15.00275993347168°C,36.69%
2023-06-03T03:50:00+04:00 Dubai,15.00275993347168°C,36.69%
2023-06-03T03:55:00+04:00 Dubai,15.00275993347168°C,36.69%
2023-06-03T04:00:00+04:00 Dubai,15.00275993347168°C,36.69%
2023-06-03T04:05:00+04:00 Dubai,15.00275993347168°C,36.69%
2023-06-03T04:10:00+04:00 Dubai,15.00275993347168°C,36.69%
2023-06-03T04:15:00+04:00 Dubai,15.00275993347168°C,36.69%
2023-06-03T04:20:00+04:00 Dubai,15.00275993347168°C,36.69%
2023-06-03T04:25:00+04:00 Dubai,15.00275993347168°C,36.69%
2023-06-03T04:30:00+04:00 Dubai,15.00275993347168°C,36.69%
2023-06-03T04:35:00+04:00 Dubai,15.152704238891602°C,36.69%
2023-06-03T04:40:00+04:00 Dubai,15.152704238891602°C,36.69%
2023-06-03T04:45:00+04:00 Dubai,15.152704238891602°C,36.69%
2023-06-03T04:50:00+04:00 Dubai,15.152704238891602°C,36.69%
2023-06-03T04:55:00+04:00 Dubai,15.152704238891602°C,36.69%
2023-06-03T05:00:00+04:00 Dubai,15.152704238891602°C,36.69%
2023-06-03T05:05:00+04:00 Dubai,15.152704238891602°C,36.69%
2023-06-03T05:10:00+04:00 Dubai,15.152704238891602°C,36.69%
2023-06-03T05:15:00+04:00 Dubai,15.152704238891602°C,36.69%
2023-06-03T05:20:00+04:00 Dubai,15.152704238891602°C,36.69%
2023-06-03T05:25:00+04:00 Dubai,15.152704238891602°C,36.69%
2023-06-03T05:30:00+04:00 Dubai,15.152704238891602°C,36.69%
2023-06-03T05:35:00+04:00 Dubai,15.003645896911621°C,36.69%
2023-06-03T05:40:00+04:00 Dubai,15.003645896911621°C,36.69%
2023-06-03T05:45:00+04:00 Dubai,15.003645896911621°C,36.69%
2023-06-03T05:50:00+04:00 Dubai,15.003645896911621°C,36.69%
2023-06-03T05:55:00+04:00 Dubai,15.003645896911621°C,36.69%
2023-06-03T06:00:00+04:00 Dubai,15.003645896911621°C,36.69%
2023-06-03T06:05:00+04:00 Dubai,15.003645896911621°C,36.69%
2023-06-03T06:10:00+04:00 Dubai,15.15656852722168°C,36.69%
2023-06-03T06:15:00+04:00 Dubai,15.15656852722168°C,36.69%
2023-06-03T06:20:00+04:00 Dubai,15.15656852722168°C,36.69%
2023-06-03T06:25:00+04:00 Dubai,15.15656852722168°C,36.69%
2023-06-03T06:30:00+04:00 Dubai,15.15656852722168°C,36.69%
2023-06-03T06:35:00+04:00 Dubai,15.15656852722168°C,36.69%
2023-06-03T06:40:00+04:00 Dubai,15.15656852722168°C,36.69%
2023-06-03T06:45:00+04:00 Dubai,15.15656852722168°C,36.69%
2023-06-03T06:50:00+04:00 Dubai,15.15656852722168°C,36.69%
2023-06-03T06:55:00+04:00 Dubai,15.15656852722168°C,36.69%
2023-06-03T07:00:00+04:00 Dubai,15.306031227111816°C,36.69%
2023-06-03T07:05:00+04:00 Dubai,15.463733673095703°C,36.69%
2023-06-03T07:10:00+04:00 Dubai,15.613490104675293°C,39.15%
2023-06-03T07:15:00+04:00 Dubai,15.613490104675293°C,39.15%
2023-06-03T07:20:00+04:00 Dubai,15.613490104675293°C,39.15%
2023-06-03T07:25:00+04:00 Dubai,15.613490104675293°C,40.16%
2023-06-03T07:30:00+04:00 Dubai,15.613490104675293°C,41.29%
2023-06-03T07:35:00+04:00 Dubai,15.613490104675293°C,41.29%
2023-06-03T07:40:00+04:00 Dubai,15.613490104675293°C,41.29%
2023-06-03T07:45:00+04:00 Dubai,15.613490104675293°C,41.29%
2023-06-03T07:50:00+04:00 Dubai,15.613490104675293°C,41.29%
2023-06-03T07:55:00+04:00 Dubai,15.613490104675293°C,42.29%
2023-06-03T08:00:00+04:00 Dubai,15.613490104675293°C,43.29%
2023-06-03T08:05:00+04:00 Dubai,15.613490104675293°C,44.66%
2023-06-03T08:10:00+04:00 Dubai,15.613490104675293°C,44.66%
2023-06-03T08:15:00+04:00 Dubai,15.462904930114746°C,44.66%
2023-06-03T08:20:00+04:00 Dubai,15.313618659973145°C,44.66%
2023-06-03T08:25:00+04:00 Dubai,15.313618659973145°C,44.66%
2023-06-03T08:30:00+04:00 Dubai,15.313618659973145°C,44.66%
2023-06-03T08:35:00+04:00 Dubai,15.313618659973145°C,44.66%
2023-06-03T08:40:00+04:00 Dubai,15.464426040649414°C,44.66%
2023-06-03T08:45:00+04:00 Dubai,15.464426040649414°C,44.66%
2023-06-03T08:50:00+04:00 Dubai,15.613080024719238°C,45.79%
2023-06-03T08:55:00+04:00 Dubai,15.761618614196777°C,48.30%
2023-06-03T09:00:00+04:00 Dubai,15.761618614196777°C,49.48%
2023-06-03T09:05:00+04:00 Dubai,15.761618614196777°C,49.48%
2023-06-03T09:10:00+04:00 Dubai,15.761618614196777°C,49.48%
2023-06-03T09:15:00+04:00 Dubai,15.761618614196777°C,51.79%
2023-06-03T09:20:00+04:00 Dubai,15.761618614196777°C,52.90%
2023-06-03T09:25:00+04:00 Dubai,15.761618614196777°C,53.98%
2023-06-03T09:30:00+04:00 Dubai,15.761618614196777°C,54.98%
2023-06-03T09:35:00+04:00 Dubai,15.761618614196777°C,56.15%
2023-06-03T09:40:00+04:00 Dubai,15.761618614196777°C,58.40%
2023-06-03T09:45:00+04:00 Dubai,15.761618614196777°C,59.70%
2023-06-03T09:50:00+04:00 Dubai,15.761618614196777°C,62.43%
2023-06-03T09:55:00+04:00 Dubai,15.761618614196777°C,63.66%
2023-06-03T10:00:00+04:00 Dubai,15.910161972045898°C,66.09%
2023-06-03T10:05:00+04:00 Dubai,15.910161972045898°C,67.66%
2023-06-03T10:10:00+04:00 Dubai,15.910161972045898°C,71.44%
2023-06-03T10:15:00+04:00 Dubai,15.910161972045898°C,72.88%
2023-06-03T10:20:00+04:00 Dubai,15.910161972045898°C,75.45%
2023-06-03T10:25:00+04:00 Dubai,15.910161972045898°C,78.18%
2023-06-03T10:30:00+04:00 Dubai,15.910161972045898°C,79.62%
2023-06-03T10:35:00+04:00 Dubai,15.910161972045898°C,81.91%
2023-06-03T10:40:00+04:00 Dubai,15.89627456665039°C,82.85%
2023-06-03T10:45:00+04:00 Dubai,14.631293296813965°C,80.11%
2023-06-03T10:50:00+04:00 Dubai,13.851700782775879°C,70.61%
2023-06-03T10:55:00+04:00 Dubai,13.851700782775879°C,67.46%
2023-06-03T11:00:00+04:00 Dubai,13.851700782775879°C,64.50%
2023-06-03T11:05:00+04:00 Dubai,13.851700782775879°C,60.35%
2023-06-03T11:10:00+04:00 Dubai,13.851700782775879°C,57.56%
2023-06-03T11:15:00+04:00 Dubai,13.851700782775879°C,55.15%
2023-06-03T11:20:00+04:00 Dubai,13.851700782775879°C,53.76%
2023-06-03T11:25:00+04:00 Dubai,14.003034591674805°C,52.77%
2023-06-03T11:30:00+04:00 Dubai,14.003034591674805°C,50.49%
2023-06-03T11:35:00+04:00 Dubai,14.152933120727539°C,50.49%
2023-06-03T11:40:00+04:00 Dubai,14.30271053314209°C,50.49%
2023-06-03T11:45:00+04:00 Dubai,14.30271053314209°C,49.50%
2023-06-03T11:50:00+04:00 Dubai,14.30271053314209°C,49.50%
2023-06-03T11:55:00+04:00 Dubai,14.30271053314209°C,49.50%
2023-06-03T12:00:00+04:00 Dubai,14.30271053314209°C,48.44%
2023-06-03T12:05:00+04:00 Dubai,14.30271053314209°C,48.44%
2023-06-03T12:10:00+04:00 Dubai,14.30271053314209°C,47.44%
2023-06-03T12:15:00+04:00 Dubai,14.30271053314209°C,47.44%
2023-06-03T12:20:00+04:00 Dubai,14.30271053314209°C,47.44%
2023-06-03T12:25:00+04:00 Dubai,14.30271053314209°C,46.37%
2023-06-03T12:30:00+04:00 Dubai,14.30271053314209°C,46.37%
2023-06-03T12:35:00+04:00 Dubai,14.453609466552734°C,45.38%
2023-06-03T12:40:00+04:00 Dubai,14.60379695892334°C,45.38%
2023-06-03T12:45:00+04:00 Dubai,14.60379695892334°C,45.38%
2023-06-03T12:50:00+04:00 Dubai,14.60379695892334°C,45.38%
2023-06-03T12:55:00+04:00 Dubai,14.752480506896973°C,45.38%
2023-06-03T13:00:00+04:00 Dubai,14.752480506896973°C,45.38%
2023-06-03T13:05:00+04:00 Dubai,14.752480506896973°C,45.38%
2023-06-03T13:10:00+04:00 Dubai,14.752480506896973°C,45.38%
2023-06-03T13:15:00+04:00 Dubai,14.752480506896973°C,45.38%
2023-06-03T13:20:00+04:00 Dubai,14.752480506896973°C,45.38%
2023-06-03T13:25:00+04:00 Dubai,14.752480506896973°C,45.38%
2023-06-03T13:30:00+04:00 Dubai,14.752480506896973°C,45.38%
2023-06-03T13:35:00+04:00 Dubai,14.752480506896973°C,45.38%
2023-06-03T13:40:00+04:00 Dubai,14.752480506896973°C,45.38%
2023-06-03T13:45:00+04:00 Dubai,14.752480506896973°C,45.38%
2023-06-03T13:50:00+04:00 Dubai,14.752480506896973°C,45.38%
2023-06-03T13:55:00+04:00 Dubai,14.752480506896973°C,45.38%
2023-06-03T14:00:00+04:00 Dubai,14.752480506896973°C,45.38%
2023-06-03T14:05:00+04:00 Dubai,14.752480506896973°C,45.38%
2023-06-03T14:10:00+04:00 Dubai,14.752480506896973°C,45.38%
2023-06-03T14:15:00+04:00 Dubai,14.752480506896973°C,45.38%
2023-06-03T14:20:00+04:00 Dubai,14.752480506896973°C,45.38%
2023-06-03T14:25:00+04:00 Dubai,14.752480506896973°C,45.38%
2023-06-03T14:30:00+04:00 Dubai,14.752480506896973°C,45.38%
2023-06-03T14:35:00+04:00 Dubai,14.752480506896973°C,45.38%
2023-06-03T14:40:00+04:00 Dubai,14.752480506896973°C,45.38%
2023-06-03T14:45:00+04:00 Dubai,14.903301239013672°C,45.38%
2023-06-03T14:50:00+04:00 Dubai,14.903301239013672°C,45.38%
2023-06-03T14:55:00+04:00 Dubai,14.903301239013672°C,45.38%
2023-06-03T15:00:00+04:00 Dubai,14.903301239013672°C,45.38%
2023-06-03T15:05:00+04:00 Dubai,14.903301239013672°C,45.38%
2023-06-03T15:10:00+04:00 Dubai,14.903301239013672°C,45.38%
2023-06-03T15:15:00+04:00 Dubai,14.903301239013672°C,45.38%
2023-06-03T15:20:00+04:00 Dubai,14.903301239013672°C,45.38%
2023-06-03T15:25:00+04:00 Dubai,14.903301239013672°C,45.38%
2023-06-03T15:30:00+04:00 Dubai,14.903301239013672°C,45.38%
2023-06-03T15:35:00+04:00 Dubai,14.903301239013672°C,45.38%
2023-06-03T15:40:00+04:00 Dubai,14.903301239013672°C,45.38%
2023-06-03T15:45:00+04:00 Dubai,14.903301239013672°C,45.38%
2023-06-03T15:50:00+04:00 Dubai,15.054059982299805°C,45.38%
2023-06-03T15:55:00+04:00 Dubai,15.054059982299805°C,45.38%
2023-06-03T16:00:00+04:00 Dubai,15.054059982299805°C,45.38%
2023-06-03T16:05:00+04:00 Dubai,15.054059982299805°C,45.38%
2023-06-03T16:10:00+04:00 Dubai,15.054059982299805°C,45.38%
2023-06-03T16:15:00+04:00 Dubai,15.054059982299805°C,45.38%
2023-06-03T16:20:00+04:00 Dubai,15.054059982299805°C,45.38%
2023-06-03T16:25:00+04:00 Dubai,15.054059982299805°C,45.38%
2023-06-03T16:30:00+04:00 Dubai,15.054059982299805°C,45.38%
2023-06-03T16:35:00+04:00 Dubai,15.054059982299805°C,45.38%
2023-06-03T16:40:00+04:00 Dubai,15.054059982299805°C,45.38%
2023-06-03T16:45:00+04:00 Dubai,15.054059982299805°C,45.38%
2023-06-03T16:50:00+04:00 Dubai,15.054059982299805°C,45.38%
2023-06-03T16:55:00+04:00 Dubai,15.054059982299805°C,45.38%
2023-06-03T17:00:00+04:00 Dubai,15.054059982299805°C,45.38%
2023-06-03T17:05:00+04:00 Dubai,15.054059982299805°C,45.38%
2023-06-03T17:10:00+04:00 Dubai,14.904818534851074°C,45.38%
2023-06-03T17:15:00+04:00 Dubai,14.904818534851074°C,45.38%
2023-06-03T17:20:00+04:00 Dubai,14.904818534851074°C,45.38%
2023-06-03T17:25:00+04:00 Dubai,14.904818534851074°C,45.38%
2023-06-03T17:30:00+04:00 Dubai,14.904818534851074°C,45.38%
2023-06-03T17:35:00+04:00 Dubai,14.755136489868164°C,45.38%
2023-06-03T17:40:00+04:00 Dubai,14.755136489868164°C,45.38%
2023-06-03T17:45:00+04:00 Dubai,14.755136489868164°C,45.38%
2023-06-03T17:50:00+04:00 Dubai,14.6063871383667°C,45.38%
2023-06-03T17:55:00+04:00 Dubai,14.6063871383667°C,45.38%
2023-06-03T18:00:00+04:00 Dubai,14.6063871383667°C,45.38%
2023-06-03T18:05:00+04:00 Dubai,14.6063871383667°C,45.38%
2023-06-03T18:10:00+04:00 Dubai,14.456785202026367°C,45.38%
2023-06-03T18:15:00+04:00 Dubai,14.456785202026367°C,44.17%
2023-06-03T18:20:00+04:00 Dubai,14.306619644165039°C,42.91%
2023-06-03T18:25:00+04:00 Dubai,14.306619644165039°C,41.51%
2023-06-03T18:30:00+04:00 Dubai,14.456302642822266°C,42.51%
2023-06-03T18:35:00+04:00 Dubai,14.456302642822266°C,42.51%
2023-06-03T18:40:00+04:00 Dubai,14.456302642822266°C,42.51%
2023-06-03T18:45:00+04:00 Dubai,14.456302642822266°C,41.45%
2023-06-03T18:50:00+04:00 Dubai,14.456302642822266°C,40.32%
2023-06-03T18:55:00+04:00 Dubai,14.306619644165039°C,39.18%
2023-06-03T19:00:00+04:00 Dubai,14.306619644165039°C,36.84%
2023-06-03T19:05:00+04:00 Dubai,14.30539608001709°C,37.20%
2023-06-03T19:10:00+04:00 Dubai,14.455288887023926°C,37.20%
2023-06-03T19:15:00+04:00 Dubai,14.603971481323242°C,37.20%
2023-06-03T19:20:00+04:00 Dubai,14.754926681518555°C,37.20%
2023-06-03T19:25:00+04:00 Dubai,14.754926681518555°C,37.20%
2023-06-03T19:30:00+04:00 Dubai,15.056979179382324°C,37.20%
2023-06-03T19:35:00+04:00 Dubai,15.056979179382324°C,37.20%
2023-06-03T19:40:00+04:00 Dubai,15.056979179382324°C,37.20%
2023-06-03T19:45:00+04:00 Dubai,15.056979179382324°C,37.20%
2023-06-03T19:50:00+04:00 Dubai,15.056979179382324°C,37.20%
2023-06-03T19:55:00+04:00 Dubai,15.056979179382324°C,37.20%
2023-06-03T20:00:00+04:00 Dubai,15.056979179382324°C,37.20%
2023-06-03T20:05:00+04:00 Dubai,15.056979179382324°C,37.20%
2023-06-03T20:10:00+04:00 Dubai,15.056979179382324°C,37.20%
2023-06-03T20:15:00+04:00 Dubai,15.056979179382324°C,37.20%
2023-06-03T20:20:00+04:00 Dubai,15.20559310913086°C,37.20%
2023-06-03T20:25:00+04:00 Dubai,15.20559310913086°C,37.20%
2023-06-03T20:30:00+04:00 Dubai,15.20559310913086°C,37.20%
2023-06-03T20:35:00+04:00 Dubai,15.20559310913086°C,37.20%
2023-06-03T20:40:00+04:00 Dubai,15.20559310913086°C,37.20%
2023-06-03T20:45:00+04:00 Dubai,15.20559310913086°C,37.20%
2023-06-03T20:50:00+04:00 Dubai,15.20559310913086°C,37.20%
2023-06-03T20:55:00+04:00 Dubai,15.20559310913086°C,37.20%
2023-06-03T21:00:00+04:00 Dubai,15.20559310913086°C,37.20%
2023-06-03T21:05:00+04:00 Dubai,15.20559310913086°C,37.20%
2023-06-03T21:10:00+04:00 Dubai,15.20559310913086°C,37.20%
2023-06-03T21:15:00+04:00 Dubai,15.20559310913086°C,37.20%
2023-06-03T21:20:00+04:00 Dubai,15.20559310913086°C,37.20%
2023-06-03T21:25:00+04:00 Dubai,15.20559310913086°C,37.20%
2023-06-03T21:30:00+04:00 Dubai,15.20559310913086°C,37.20%
2023-06-03T21:35:00+04:00 Dubai,15.20559310913086°C,37.20%
2023-06-03T21:40:00+04:00 Dubai,15.20559310913086°C,37.20%
2023-06-03T21:45:00+04:00 Dubai,15.20559310913086°C,37.20%
2023-06-03T21:50:00+04:00 Dubai,15.20559310913086°C,37.20%
2023-06-03T21:55:00+04:00 Dubai,15.20559310913086°C,37.20%
2023-06-03T22:00:00+04:00 Dubai,15.20559310913086°C,37.20%
2023-06-03T22:05:00+04:00 Dubai,15.20559310913086°C,37.20%
2023-06-03T22:10:00+04:00 Dubai,15.20559310913086°C,37.20%
2023-06-03T22:15:00+04:00 Dubai,15.20559310913086°C,37.20%
2023-06-03T22:20:00+04:00 Dubai,15.20559310913086°C,37.20%
2023-06-03T22:25:00+04:00 Dubai,15.20559310913086°C,37.20%
2023-06-03T22:30:00+04:00 Dubai,15.20559310913086°C,37.20%
2023-06-03T22:35:00+04:00 Dubai,15.20559310913086°C,37.20%
2023-06-03T22:40:00+04:00 Dubai,15.20559310913086°C,37.20%
2023-06-03T22:45:00+04:00 Dubai,15.20559310913086°C,37.20%
2023-06-03T22:50:00+04:00 Dubai,15.20559310913086°C,37.20%
2023-06-03T22:55:00+04:00 Dubai,15.20559310913086°C,37.20%
2023-06-03T23:00:00+04:00 Dubai,,
2023-06-03T23:05:00+04:00 Dubai,,
2023-06-03T23:10:00+04:00 Dubai,,
2023-06-03T23:15:00+04:00 Dubai,,
2023-06-03T23:20:00+04:00 Dubai,23.590940475463867°C,0%
2023-06-03T23:25:00+04:00 Dubai,23.741483688354492°C,0%
2023-06-03T23:30:00+04:00 Dubai,23.741483688354492°C,0%
2023-06-03T23:35:00+04:00 Dubai,23.741483688354492°C,0%
2023-06-03T23:40:00+04:00 Dubai,23.890302658081055°C,0%
2023-06-03T23:45:00+04:00 Dubai,23.890302658081055°C,0%
2023-06-03T23:50:00+04:00 Dubai,22.890647888183594°C,19.37%
2023-06-03T23:55:00+04:00 Dubai,20.66151237487793°C,36.05%
2023-06-04T00:00:00+04:00 Dubai,21.8682804107666°C,0%
2023-06-04T00:05:00+04:00 Dubai,22.989364624023438°C,26.35%
2023-06-04T00:10:00+04:00 Dubai,17.51325035095215°C,41.52%
2023-06-04T00:15:00+04:00 Dubai,17.204730987548828°C,48.71%
2023-06-04T00:20:00+04:00 Dubai,16.59697914123535°C,48.71%
2023-06-04T00:25:00+04:00 Dubai,15.84088134765625°C,46.84%
2023-06-04T00:30:00+04:00 Dubai,15.540217399597168°C,43.49%
2023-06-04T00:35:00+04:00 Dubai,15.239618301391602°C,43.49%
2023-06-04T00:40:00+04:00 Dubai,14.936702728271484°C,43.49%
2023-06-04T00:45:00+04:00 Dubai,14.787700653076172°C,43.49%
2023-06-04T00:50:00+04:00 Dubai,14.638437271118164°C,43.49%
2023-06-04T00:55:00+04:00 Dubai,14.488985061645508°C,42.32%
2023-06-04T01:00:00+04:00 Dubai,14.488985061645508°C,42.32%
2023-06-04T01:05:00+04:00 Dubai,14.637874603271484°C,42.32%
2023-06-04T01:10:00+04:00 Dubai,14.637874603271484°C,42.32%
2023-06-04T01:15:00+04:00 Dubai,14.637874603271484°C,42.32%
2023-06-04T01:20:00+04:00 Dubai,14.637874603271484°C,42.32%
2023-06-04T01:25:00+04:00 Dubai,14.48917293548584°C,42.32%
2023-06-04T01:30:00+04:00 Dubai,14.48917293548584°C,42.32%
2023-06-04T01:35:00+04:00 Dubai,14.48917293548584°C,42.32%
2023-06-04T01:40:00+04:00 Dubai,14.48917293548584°C,41.25%
2023-06-04T01:45:00+04:00 Dubai,14.48917293548584°C,41.25%
2023-06-04T01:50:00+04:00 Dubai,14.48917293548584°C,40.23%
2023-06-04T01:55:00+04:00 Dubai,14.48917293548584°C,39.15%
2023-06-04T02:00:00+04:00 Dubai,14.339055061340332°C,38.07%
2023-06-04T02:05:00+04:00 Dubai,14.654486656188965°C,38.83%
2023-06-04T02:10:00+04:00 Dubai,14.803074836730957°C,38.83%
2023-06-04T02:15:00+04:00 Dubai,14.803074836730957°C,38.83%
2023-06-04T02:20:00+04:00 Dubai,14.951712608337402°C,38.83%
2023-06-04T02:25:00+04:00 Dubai,14.951712608337402°C,38.83%
2023-06-04T02:30:00+04:00 Dubai,14.951712608337402°C,38.83%
2023-06-04T02:35:00+04:00 Dubai,14.951712608337402°C,38.83%
2023-06-04T02:40:00+04:00 Dubai,14.951712608337402°C,38.83%
2023-06-04T02:45:00+04:00 Dubai,14.951712608337402°C,38.83%
2023-06-04T02:50:00+04:00 Dubai,14.951712608337402°C,38.83%
2023-06-04T02:55:00+04:00 Dubai,14.951712608337402°C,38.83%
2023-06-04T03:00:00+04:00 Dubai,14.951712608337402°C,38.83%
2023-06-04T03:05:00+04:00 Dubai,14.951712608337402°C,38.83%
2023-06-04T03:10:00+04:00 Dubai,14.951712608337402°C,38.83%
2023-06-04T03:15:00+04:00 Dubai,14.951712608337402°C,38.83%
2023-06-04T03:20:00+04:00 Dubai,14.951712608337402°C,38.83%
2023-06-04T03:25:00+04:00 Dubai,14.951712608337402°C,38.83%
2023-06-04T03:30:00+04:00 Dubai,14.951712608337402°C,38.83%
2023-06-04T03:35:00+04:00 Dubai,14.951712608337402°C,38.83%
2023-06-04T03:40:00+04:00 Dubai,14.951712608337402°C,38.83%
2023-06-04T03:45:00+04:00 Dubai,14.951712608337402°C,38.83%
2023-06-04T03:50:00+04:00 Dubai,14.951712608337402°C,38.83%
2023-06-04T03:55:00+04:00 Dubai,14.951712608337402°C,38.83%
2023-06-04T04:00:00+04:00 Dubai,14.951712608337402°C,38.83%
2023-06-04T04:05:00+04:00 Dubai,14.951712608337402°C,38.83%
2023-06-04T04:10:00+04:00 Dubai,15.103200912475586°C,38.83%
2023-06-04T04:15:00+04:00 Dubai,15.103200912475586°C,38.83%
2023-06-04T04:20:00+04:00 Dubai,15.103200912475586°C,38.83%
2023-06-04T04:25:00+04:00 Dubai,15.103200912475586°C,38.83%
2023-06-04T04:30:00+04:00 Dubai,15.103200912475586°C,38.83%
2023-06-04T04:35:00+04:00 Dubai,15.103200912475586°C,38.83%
2023-06-04T04:40:00+04:00 Dubai,15.103200912475586°C,38.83%
2023-06-04T04:45:00+04:00 Dubai,15.103200912475586°C,38.83%
2023-06-04T04:50:00+04:00 Dubai,15.103200912475586°C,38.83%
2023-06-04T04:55:00+04:00 Dubai,15.103200912475586°C,38.83%
2023-06-04T05:00:00+04:00 Dubai,15.103200912475586°C,38.83%
2023-06-04T05:05:00+04:00 Dubai,15.103200912475586°C,38.83%
2023-06-04T05:10:00+04:00 Dubai,15.103200912475586°C,38.83%
2023-06-04T05:15:00+04:00 Dubai,15.103200912475586°C,38.83%
2023-06-04T05:20:00+04:00 Dubai,15.103200912475586°C,38.83%
2023-06-04T05:25:00+04:00 Dubai,15.103200912475586°C,38.83%
2023-06-04T05:30:00+04:00 Dubai,15.103200912475586°C,38.83%
2023-06-04T05:35:00+04:00 Dubai,15.103200912475586°C,38.83%
2023-06-04T05:40:00+04:00 Dubai,15.103200912475586°C,38.83%
2023-06-04T05:45:00+04:00 Dubai,15.103200912475586°C,38.83%
2023-06-04T05:50:00+04:00 Dubai,15.103200912475586°C,38.83%
2023-06-04T05:55:00+04:00 Dubai,15.103200912475586°C,38.83%
2023-06-04T06:00:00+04:00 Dubai,15.103200912475586°C,38.83%
2023-06-04T06:05:00+04:00 Dubai,15.103200912475586°C,38.83%
2023-06-04T06:10:00+04:00 Dubai,15.252260208129883°C,38.83%
2023-06-04T06:15:00+04:00 Dubai,15.099653244018555°C,38.83%
2023-06-04T06:20:00+04:00 Dubai,15.099653244018555°C,38.83%
2023-06-04T06:25:00+04:00 Dubai,15.099653244018555°C,38.83%
2023-06-04T06:30:00+04:00 Dubai,15.099653244018555°C,38.83%
2023-06-04T06:35:00+04:00 Dubai,15.099653244018555°C,38.83%
2023-06-04T06:40:00+04:00 Dubai,15.099653244018555°C,38.83%
2023-06-04T06:45:00+04:00 Dubai,15.099653244018555°C,38.83%
2023-06-04T06:50:00+04:00 Dubai,15.099653244018555°C,38.83%
2023-06-04T06:55:00+04:00 Dubai,15.248764991760254°C,38.83%
2023-06-04T07:00:00+04:00 Dubai,15.248764991760254°C,38.83%
2023-06-04T07:05:00+04:00 Dubai,15.886494636535645°C,44.26%
2023-06-04T07:10:00+04:00 Dubai,15.729632377624512°C,43.96%
2023-06-04T07:15:00+04:00 Dubai,15.578697204589844°C,42.68%
2023-06-04T07:20:00+04:00 Dubai,15.430106163024902°C,42.68%
2023-06-04T07:25:00+04:00 Dubai,15.430106163024902°C,42.68%
2023-06-04T07:30:00+04:00 Dubai,15.278661727905273°C,42.68%
2023-06-04T07:35:00+04:00 Dubai,15.278661727905273°C,42.68%
2023-06-04T07:40:00+04:00 Dubai,15.278661727905273°C,42.68%
2023-06-04T07:45:00+04:00 Dubai,15.278661727905273°C,42.68%
2023-06-04T07:50:00+04:00 Dubai,15.278661727905273°C,42.68%
2023-06-04T07:55:00+04:00 Dubai,15.278661727905273°C,42.68%
2023-06-04T08:00:00+04:00 Dubai,15.278661727905273°C,42.68%
2023-06-04T08:05:00+04:00 Dubai,15.278661727905273°C,42.68%
2023-06-04T08:10:00+04:00 Dubai,15.278661727905273°C,42.68%
2023-06-04T08:15:00+04:00 Dubai,15.427315711975098°C,42.68%
2023-06-04T08:20:00+04:00 Dubai,15.427315711975098°C,42.68%
2023-06-04T08:25:00+04:00 Dubai,15.427315711975098°C,42.68%
2023-06-04T08:30:00+04:00 Dubai,15.427315711975098°C,42.68%
2023-06-04T08:35:00+04:00 Dubai,15.575846672058105°C,42.68%
2023-06-04T08:40:00+04:00 Dubai,15.575846672058105°C,43.83%
2023-06-04T08:45:00+04:00 Dubai,15.725764274597168°C,45.18%
2023-06-04T08:50:00+04:00 Dubai,15.725764274597168°C,46.27%
2023-06-04T08:55:00+04:00 Dubai,15.576645851135254°C,46.27%
2023-06-04T09:00:00+04:00 Dubai,15.576645851135254°C,46.27%
2023-06-04T09:05:00+04:00 Dubai,15.576645851135254°C,47.34%
2023-06-04T09:10:00+04:00 Dubai,15.576645851135254°C,48.48%
2023-06-04T09:15:00+04:00 Dubai,15.577346801757812°C,48.71%
2023-06-04T09:20:00+04:00 Dubai,15.577346801757812°C,48.71%
2023-06-04T09:25:00+04:00 Dubai,15.42815113067627°C,48.71%
2023-06-04T09:30:00+04:00 Dubai,15.42815113067627°C,48.71%
2023-06-04T09:35:00+04:00 Dubai,15.42815113067627°C,48.71%
2023-06-04T09:40:00+04:00 Dubai,15.42815113067627°C,48.71%
2023-06-04T09:45:00+04:00 Dubai,15.42815113067627°C,48.71%
2023-06-04T09:50:00+04:00 Dubai,15.42815113067627°C,48.71%
2023-06-04T09:55:00+04:00 Dubai,15.42815113067627°C,48.71%
2023-06-04T10:00:00+04:00 Dubai,15.42815113067627°C,48.71%
2023-06-04T10:05:00+04:00 Dubai,15.42815113067627°C,48.71%
2023-06-04T10:10:00+04:00 Dubai,15.42815113067627°C,48.71%
2023-06-04T10:15:00+04:00 Dubai,15.42815113067627°C,48.71%
2023-06-04T10:20:00+04:00 Dubai,15.42815113067627°C,48.71%
2023-06-04T10:25:00+04:00 Dubai,15.42815113067627°C,48.71%
2023-06-04T10:30:00+04:00 Dubai,15.42815113067627°C,48.71%
2023-06-04T10:35:00+04:00 Dubai,15.278678894042969°C,48.71%
2023-06-04T10:40:00+04:00 Dubai,15.278678894042969°C,48.71%
2023-06-04T10:45:00+04:00 Dubai,15.278678894042969°C,48.71%
2023-06-04T10:50:00+04:00 Dubai,15.278678894042969°C,48.71%
2023-06-04T10:55:00+04:00 Dubai,15.278678894042969°C,48.71%
2023-06-04T11:00:00+04:00 Dubai,15.278678894042969°C,48.71%
2023-06-04T11:05:00+04:00 Dubai,15.278678894042969°C,48.71%
2023-06-04T11:10:00+04:00 Dubai,15.126953125°C,48.71%
2023-06-04T11:15:00+04:00 Dubai,15.126953125°C,48.71%
2023-06-04T11:20:00+04:00 Dubai,15.126953125°C,48.71%
2023-06-04T11:25:00+04:00 Dubai,15.126953125°C,48.71%
2023-06-04T11:30:00+04:00 Dubai,15.126953125°C,48.71%
2023-06-04T11:35:00+04:00 Dubai,14.974563598632812°C,48.71%
2023-06-04T11:40:00+04:00 Dubai,14.974563598632812°C,48.71%
2023-06-04T11:45:00+04:00 Dubai,14.974563598632812°C,48.71%
2023-06-04T11:50:00+04:00 Dubai,14.974563598632812°C,48.71%
2023-06-04T11:55:00+04:00 Dubai,14.974563598632812°C,48.71%
2023-06-04T12:00:00+04:00 Dubai,14.974563598632812°C,48.71%
2023-06-04T12:05:00+04:00 Dubai,14.974563598632812°C,48.71%
2023-06-04T12:10:00+04:00 Dubai,14.825809478759766°C,48.71%
2023-06-04T12:15:00+04:00 Dubai,14.825809478759766°C,48.71%
2023-06-04T12:20:00+04:00 Dubai,14.825809478759766°C,48.71%
2023-06-04T12:25:00+04:00 Dubai,14.825809478759766°C,48.71%
2023-06-04T12:30:00+04:00 Dubai,14.825809478759766°C,48.71%
2023-06-04T12:35:00+04:00 Dubai,14.825809478759766°C,48.71%
2023-06-04T12:40:00+04:00 Dubai,14.825809478759766°C,48.71%
2023-06-04T12:45:00+04:00 Dubai,14.825809478759766°C,48.71%
2023-06-04T12:50:00+04:00 Dubai,14.675528526306152°C,48.71%
2023-06-04T12:55:00+04:00 Dubai,14.675528526306152°C,48.71%
2023-06-04T13:00:00+04:00 Dubai,14.675528526306152°C,48.71%
2023-06-04T13:05:00+04:00 Dubai,14.675528526306152°C,48.71%
2023-06-04T13:10:00+04:00 Dubai,14.675528526306152°C,48.71%
2023-06-04T13:15:00+04:00 Dubai,14.675528526306152°C,48.71%
2023-06-04T13:20:00+04:00 Dubai,14.675528526306152°C,48.71%
2023-06-04T13:25:00+04:00 Dubai,14.675528526306152°C,48.71%
2023-06-04T13:30:00+04:00 Dubai,14.526147842407227°C,48.71%
2023-06-04T13:35:00+04:00 Dubai,14.526147842407227°C,48.71%
2023-06-04T13:40:00+04:00 Dubai,14.526147842407227°C,48.71%
2023-06-04T13:45:00+04:00 Dubai,14.526147842407227°C,48.71%
2023-06-04T13:50:00+04:00 Dubai,14.526147842407227°C,48.71%
2023-06-04T13:55:00+04:00 Dubai,14.526147842407227°C,48.71%
2023-06-04T14:00:00+04:00 Dubai,14.526147842407227°C,48.71%
2023-06-04T14:05:00+04:00 Dubai,14.526147842407227°C,48.71%
2023-06-04T14:10:00+04:00 Dubai,14.526147842407227°C,48.71%
2023-06-04T14:15:00+04:00 Dubai,14.526147842407227°C,48.71%
2023-06-04T14:20:00+04:00 Dubai,14.526147842407227°C,47.68%
2023-06-04T14:25:00+04:00 Dubai,14.526147842407227°C,47.68%
2023-06-04T14:30:00+04:00 Dubai,14.526147842407227°C,47.68%
2023-06-04T14:35:00+04:00 Dubai,14.526147842407227°C,47.68%
2023-06-04T14:40:00+04:00 Dubai,14.526147842407227°C,47.68%
2023-06-04T14:45:00+04:00 Dubai,14.675765037536621°C,47.68%
2023-06-04T14:50:00+04:00 Dubai,14.675765037536621°C,47.68%
2023-06-04T14:55:00+04:00 Dubai,14.675765037536621°C,47.68%
2023-06-04T15:00:00+04:00 Dubai,14.675765037536621°C,47.68%
2023-06-04T15:05:00+04:00 Dubai,14.675765037536621°C,47.68%
2023-06-04T15:10:00+04:00 Dubai,14.675765037536621°C,47.68%
2023-06-04T15:15:00+04:00 Dubai,14.675765037536621°C,47.68%
2023-06-04T15:20:00+04:00 Dubai,14.675765037536621°C,47.68%
2023-06-04T15:25:00+04:00 Dubai,14.675765037536621°C,47.68%
2023-06-04T15:30:00+04:00 Dubai,14.675765037536621°C,47.68%
2023-06-04T15:35:00+04:00 Dubai,14.675765037536621°C,47.68%
2023-06-04T15:40:00+04:00 Dubai,14.675765037536621°C,47.68%
2023-06-04T15:45:00+04:00 Dubai,14.675765037536621°C,47.68%
2023-06-04T15:50:00+04:00 Dubai,14.675765037536621°C,47.68%
2023-06-04T15:55:00+04:00 Dubai,14.675765037536621°C,47.68%
2023-06-04T16:00:00+04:00 Dubai,14.675765037536621°C,47.68%
2023-06-04T16:05:00+04:00 Dubai,14.675765037536621°C,47.68%
2023-06-04T16:10:00+04:00 Dubai,14.675765037536621°C,47.68%
2023-06-04T16:15:00+04:00 Dubai,14.675765037536621°C,47.68%
2023-06-04T16:20:00+04:00 Dubai,14.52708625793457°C,47.68%
2023-06-04T16:25:00+04:00 Dubai,14.52708625793457°C,47.68%
2023-06-04T16:30:00+04:00 Dubai,14.677005767822266°C,47.68%
2023-06-04T16:35:00+04:00 Dubai,14.528475761413574°C,47.68%
2023-06-04T16:40:00+04:00 Dubai,14.528475761413574°C,47.68%
2023-06-04T16:45:00+04:00 Dubai,14.528475761413574°C,47.68%
2023-06-04T16:50:00+04:00 Dubai,14.528475761413574°C,47.68%
2023-06-04T16:55:00+04:00 Dubai,14.528475761413574°C,47.68%
2023-06-04T17:00:00+04:00 Dubai,14.528475761413574°C,47.68%
2023-06-04T17:05:00+04:00 Dubai,14.528475761413574°C,47.68%
2023-06-04T17:10:00+04:00 Dubai,14.528475761413574°C,47.68%
2023-06-04T17:15:00+04:00 Dubai,14.528475761413574°C,47.68%
2023-06-04T17:20:00+04:00 Dubai,14.528475761413574°C,47.68%
2023-06-04T17:25:00+04:00 Dubai,14.528475761413574°C,47.68%
2023-06-04T17:30:00+04:00 Dubai,14.528475761413574°C,46.62%
2023-06-04T17:35:00+04:00 Dubai,14.528475761413574°C,46.62%
2023-06-04T17:40:00+04:00 Dubai,14.378064155578613°C,46.62%
2023-06-04T17:45:00+04:00 Dubai,14.378064155578613°C,45.47%
2023-06-04T17:50:00+04:00 Dubai,14.378064155578613°C,45.47%
2023-06-04T17:55:00+04:00 Dubai,14.378064155578613°C,44.39%
2023-06-04T18:00:00+04:00 Dubai,14.378064155578613°C,43.35%
2023-06-04T18:05:00+04:00 Dubai,14.378064155578613°C,42.34%
2023-06-04T18:10:00+04:00 Dubai,14.527328491210938°C,43.43%
2023-06-04T18:15:00+04:00 Dubai,14.527328491210938°C,43.43%
2023-06-04T18:20:00+04:00 Dubai,14.527328491210938°C,43.43%
2023-06-04T18:25:00+04:00 Dubai,14.376124382019043°C,42.29%
2023-06-04T18:30:00+04:00 Dubai,14.376124382019043°C,41.22%
2023-06-04T18:35:00+04:00 Dubai,14.376124382019043°C,38.70%
2023-06-04T18:40:00+04:00 Dubai,14.387195587158203°C,37.48%
2023-06-04T18:45:00+04:00 Dubai,14.536595344543457°C,39.02%
2023-06-04T18:50:00+04:00 Dubai,14.536595344543457°C,39.02%
2023-06-04T18:55:00+04:00 Dubai,14.536595344543457°C,39.02%
2023-06-04T19:00:00+04:00 Dubai,14.536595344543457°C,39.02%
2023-06-04T19:05:00+04:00 Dubai,14.536595344543457°C,39.02%
2023-06-04T19:10:00+04:00 Dubai,14.536595344543457°C,39.02%
2023-06-04T19:15:00+04:00 Dubai,14.536595344543457°C,39.02%
2023-06-04T19:20:00+04:00 Dubai,14.536595344543457°C,39.02%
2023-06-04T19:25:00+04:00 Dubai,14.536595344543457°C,39.02%
2023-06-04T19:30:00+04:00 Dubai,14.685812950134277°C,39.02%
2023-06-04T19:35:00+04:00 Dubai,14.685812950134277°C,39.02%
2023-06-04T19:40:00+04:00 Dubai,14.685812950134277°C,39.02%
2023-06-04T19:45:00+04:00 Dubai,14.685812950134277°C,39.02%
2023-06-04T19:50:00+04:00 Dubai,14.685812950134277°C,39.02%
2023-06-04T19:55:00+04:00 Dubai,14.685812950134277°C,39.02%
2023-06-04T20:00:00+04:00 Dubai,14.685812950134277°C,39.02%
2023-06-04T20:05:00+04:00 Dubai,14.685812950134277°C,39.02%
2023-06-04T20:10:00+04:00 Dubai,14.685812950134277°C,39.02%
2023-06-04T20:15:00+04:00 Dubai,14.685812950134277°C,39.02%
2023-06-04T20:20:00+04:00 Dubai,14.685812950134277°C,39.02%
2023-06-04T20:25:00+04:00 Dubai,14.685812950134277°C,39.02%
2023-06-04T20:30:00+04:00 Dubai,14.685812950134277°C,39.02%
2023-06-04T20:35:00+04:00 Dubai,14.834606170654297°C,39.02%
2023-06-04T20:40:00+04:00 Dubai,14.834606170654297°C,39.02%
2023-06-04T20:45:00+04:00 Dubai,14.834606170654297°C,39.02%
2023-06-04T20:50:00+04:00 Dubai,14.834606170654297°C,39.02%
2023-06-04T20:55:00+04:00 Dubai,14.834606170654297°C,39.02%
2023-06-04T21:00:00+04:00 Dubai,14.834606170654297°C,39.02%
2023-06-04T21:05:00+04:00 Dubai,14.834606170654297°C,39.02%
2023-06-04T21:10:00+04:00 Dubai,14.834606170654297°C,39.02%
2023-06-04T21:15:00+04:00 Dubai,14.834606170654297°C,39.02%
2023-06-04T21:20:00+04:00 Dubai,14.834606170654297°C,39.02%
2023-06-04T21:25:00+04:00 Dubai,14.983246803283691°C,39.02%
2023-06-04T21:30:00+04:00 Dubai,14.983246803283691°C,39.02%
2023-06-04T21:35:00+04:00 Dubai,14.983246803283691°C,39.02%
2023-06-04T21:40:00+04:00 Dubai,14.983246803283691°C,39.02%
2023-06-04T21:45:00+04:00 Dubai,14.983246803283691°C,39.02%
2023-06-04T21:50:00+04:00 Dubai,14.983246803283691°C,39.02%
2023-06-04T21:55:00+04:00 Dubai,14.983246803283691°C,39.02%
2023-06-04T22:00:00+04:00 Dubai,14.983246803283691°C,39.02%
2023-06-04T22:05:00+04:00 Dubai,14.983246803283691°C,39.02%
2023-06-04T22:10:00+04:00 Dubai,14.983246803283691°C,39.02%
2023-06-04T22:15:00+04:00 Dubai,14.983246803283691°C,39.02%
2023-06-04T22:20:00+04:00 Dubai,14.983246803283691°C,39.02%
2023-06-04T22:25:00+04:00 Dubai,14.983246803283691°C,39.02%
2023-06-04T22:30:00+04:00 Dubai,14.983246803283691°C,39.02%
2023-06-04T22:35:00+04:00 Dubai,14.983246803283691°C,39.02%
2023-06-04T22:40:00+04:00 Dubai,14.983246803283691°C,39.02%
2023-06-04T22:45:00+04:00 Dubai,14.983246803283691°C,39.02%
2023-06-04T22:50:00+04:00 Dubai,14.983246803283691°C,39.02%
2023-06-04T22:55:00+04:00 Dubai,14.983246803283691°C,39.02%
2023-06-04T23:00:00+04:00 Dubai,14.983246803283691°C,39.02%
2023-06-04T23:05:00+04:00 Dubai,14.983246803283691°C,39.02%
2023-06-04T23:10:00+04:00 Dubai,14.983246803283691°C,39.02%
2023-06-04T23:15:00+04:00 Dubai,14.983246803283691°C,39.02%
2023-06-04T23:20:00+04:00 Dubai,14.983246803283691°C,39.02%
2023-06-04T23:25:00+04:00 Dubai,14.983246803283691°C,39.02%
2023-06-04T23:30:00+04:00 Dubai,14.983246803283691°C,39.02%
2023-06-04T23:35:00+04:00 Dubai,14.983246803283691°C,39.02%
2023-06-04T23:40:00+04:00 Dubai,14.983246803283691°C,39.02%
2023-06-04T23:45:00+04:00 Dubai,14.983246803283691°C,39.02%
2023-06-04T23:50:00+04:00 Dubai,14.983246803283691°C,39.02%
2023-06-04T23:55:00+04:00 Dubai,14.983246803283691°C,39.02%
2023-06-05T00:00:00+04:00 Dubai,17.511722564697266°C,2.10%
2023-06-05T00:05:00+04:00 Dubai,18.442338943481445°C,7.52%
2023-06-05T00:10:00+04:00 Dubai,15.900354385375977°C,28.94%
2023-06-05T00:15:00+04:00 Dubai,16.211755752563477°C,36.14%
2023-06-05T00:20:00+04:00 Dubai,16.05518341064453°C,39.41%
2023-06-05T00:25:00+04:00 Dubai,15.754596710205078°C,37.58%
2023-06-05T00:30:00+04:00 Dubai,15.754596710205078°C,37.58%
2023-06-05T00:35:00+04:00 Dubai,15.605642318725586°C,37.58%
2023-06-05T00:40:00+04:00 Dubai,15.605642318725586°C,37.58%
2023-06-05T00:45:00+04:00 Dubai,15.605642318725586°C,37.58%
2023-06-05T00:50:00+04:00 Dubai,15.605642318725586°C,37.58%
2023-06-05T00:55:00+04:00 Dubai,15.605642318725586°C,37.58%
2023-06-05T01:00:00+04:00 Dubai,15.605642318725586°C,37.58%
2023-06-05T01:05:00+04:00 Dubai,15.605642318725586°C,37.58%
2023-06-05T01:10:00+04:00 Dubai,15.605642318725586°C,37.58%
2023-06-05T01:15:00+04:00 Dubai,15.605642318725586°C,37.58%
2023-06-05T01:20:00+04:00 Dubai,15.456236839294434°C,37.58%
2023-06-05T01:25:00+04:00 Dubai,15.456236839294434°C,37.58%
2023-06-05T01:30:00+04:00 Dubai,15.456236839294434°C,37.58%
2023-06-05T01:35:00+04:00 Dubai,15.456236839294434°C,37.58%
2023-06-05T01:40:00+04:00 Dubai,15.456236839294434°C,37.58%
2023-06-05T01:45:00+04:00 Dubai,15.456236839294434°C,37.58%
2023-06-05T01:50:00+04:00 Dubai,15.456236839294434°C,37.58%
2023-06-05T01:55:00+04:00 Dubai,15.456236839294434°C,37.58%
2023-06-05T02:00:00+04:00 Dubai,15.456236839294434°C,37.58%
2023-06-05T02:05:00+04:00 Dubai,15.456236839294434°C,37.58%
2023-06-05T02:10:00+04:00 Dubai,15.456236839294434°C,37.58%
2023-06-05T02:15:00+04:00 Dubai,15.456236839294434°C,37.58%
2023-06-05T02:20:00+04:00 Dubai,15.456236839294434°C,37.58%
2023-06-05T02:25:00+04:00 Dubai,15.456236839294434°C,37.58%
2023-06-05T02:30:00+04:00 Dubai,15.456236839294434°C,37.58%
2023-06-05T02:35:00+04:00 Dubai,15.456236839294434°C,37.58%
2023-06-05T02:40:00+04:00 Dubai,15.456236839294434°C,37.58%
2023-06-05T02:45:00+04:00 Dubai,15.456236839294434°C,37.58%
2023-06-05T02:50:00+04:00 Dubai,15.456236839294434°C,37.58%
2023-06-05T02:55:00+04:00 Dubai,15.456236839294434°C,37.58%
2023-06-05T03:00:00+04:00 Dubai,15.456236839294434°C,37.58%
2023-06-05T03:05:00+04:00 Dubai,15.456236839294434°C,37.58%
2023-06-05T03:10:00+04:00 Dubai,15.456236839294434°C,37.58%
2023-06-05T03:15:00+04:00 Dubai,15.456236839294434°C,37.58%
2023-06-05T03:20:00+04:00 Dubai,15.456236839294434°C,37.58%
2023-06-05T03:25:00+04:00 Dubai,15.456236839294434°C,37.58%
2023-06-05T03:30:00+04:00 Dubai,15.456236839294434°C,37.58%
2023-06-05T03:35:00+04:00 Dubai,15.456236839294434°C,37.58%
2023-06-05T03:40:00+04:00 Dubai,15.456236839294434°C,37.58%
2023-06-05T03:45:00+04:00 Dubai,15.30757999420166°C,37.58%
2023-06-05T03:50:00+04:00 Dubai,15.30757999420166°C,37.58%
2023-06-05T03:55:00+04:00 Dubai,15.30757999420166°C,37.58%
2023-06-05T04:00:00+04:00 Dubai,15.30757999420166°C,37.58%
2023-06-05T04:05:00+04:00 Dubai,15.30757999420166°C,37.58%
2023-06-05T04:10:00+04:00 Dubai,15.458406448364258°C,37.58%
2023-06-05T04:15:00+04:00 Dubai,15.458406448364258°C,37.58%
2023-06-05T04:20:00+04:00 Dubai,15.458406448364258°C,37.58%
2023-06-05T04:25:00+04:00 Dubai,15.458406448364258°C,37.58%
2023-06-05T04:30:00+04:00 Dubai,15.458406448364258°C,37.58%
2023-06-05T04:35:00+04:00 Dubai,15.309511184692383°C,37.58%
2023-06-05T04:40:00+04:00 Dubai,15.309511184692383°C,37.58%
2023-06-05T04:45:00+04:00 Dubai,15.309511184692383°C,37.58%
2023-06-05T04:50:00+04:00 Dubai,15.309511184692383°C,37.58%
2023-06-05T04:55:00+04:00 Dubai,15.309511184692383°C,37.58%
2023-06-05T05:00:00+04:00 Dubai,15.309511184692383°C,37.58%
2023-06-05T05:05:00+04:00 Dubai,15.309511184692383°C,37.58%
2023-06-05T05:10:00+04:00 Dubai,15.309511184692383°C,37.58%
2023-06-05T05:15:00+04:00 Dubai,15.309511184692383°C,37.58%
2023-06-05T05:20:00+04:00 Dubai,15.309511184692383°C,37.58%
2023-06-05T05:25:00+04:00 Dubai,15.309511184692383°C,37.58%
2023-06-05T05:30:00+04:00 Dubai,15.309511184692383°C,37.58%
2023-06-05T05:35:00+04:00 Dubai,15.309511184692383°C,37.58%
2023-06-05T05:40:00+04:00 Dubai,15.309511184692383°C,37.58%
2023-06-05T05:45:00+04:00 Dubai,15.309511184692383°C,37.58%
2023-06-05T05:50:00+04:00 Dubai,15.309511184692383°C,37.58%
2023-06-05T05:55:00+04:00 Dubai,15.309511184692383°C,37.58%
2023-06-05T06:00:00+04:00 Dubai,15.309511184692383°C,37.58%
2023-06-05T06:05:00+04:00 Dubai,15.309511184692383°C,37.58%
2023-06-05T06:10:00+04:00 Dubai,15.309511184692383°C,37.58%
2023-06-05T06:15:00+04:00 Dubai,15.309511184692383°C,37.58%
2023-06-05T06:20:00+04:00 Dubai,15.309511184692383°C,37.58%
2023-06-05T06:25:00+04:00 Dubai,15.459447860717773°C,37.58%
2023-06-05T06:30:00+04:00 Dubai,15.60937213897705°C,38.59%
2023-06-05T06:35:00+04:00 Dubai,15.60937213897705°C,40.00%
2023-06-05T06:40:00+04:00 Dubai,15.60937213897705°C,40.99%
2023-06-05T06:45:00+04:00 Dubai,15.75948429107666°C,44.14%
2023-06-05T06:50:00+04:00 Dubai,15.448049545288086°C,41.68%
2023-06-05T06:55:00+04:00 Dubai,15.297212600708008°C,41.68%
2023-06-05T07:00:00+04:00 Dubai,15.148582458496094°C,41.68%
2023-06-05T07:05:00+04:00 Dubai,15.148582458496094°C,41.68%
2023-06-05T07:10:00+04:00 Dubai,15.148582458496094°C,41.68%
2023-06-05T07:15:00+04:00 Dubai,15.148582458496094°C,41.68%
2023-06-05T07:20:00+04:00 Dubai,15.148582458496094°C,41.68%
2023-06-05T07:25:00+04:00 Dubai,15.148582458496094°C,41.68%
2023-06-05T07:30:00+04:00 Dubai,14.99917221069336°C,41.68%
2023-06-05T07:35:00+04:00 Dubai,14.99917221069336°C,41.68%
2023-06-05T07:40:00+04:00 Dubai,15.1498441696167°C,41.68%
2023-06-05T07:45:00+04:00 Dubai,15.1498441696167°C,41.68%
2023-06-05T07:50:00+04:00 Dubai,15.1498441696167°C,41.68%
2023-06-05T07:55:00+04:00 Dubai,15.1498441696167°C,41.68%
2023-06-05T08:00:00+04:00 Dubai,15.1498441696167°C,41.68%
2023-06-05T08:05:00+04:00 Dubai,15.1498441696167°C,41.68%
2023-06-05T08:10:00+04:00 Dubai,15.29891586303711°C,41.68%
2023-06-05T08:15:00+04:00 Dubai,15.29891586303711°C,41.68%
2023-06-05T08:20:00+04:00 Dubai,15.29891586303711°C,41.68%
2023-06-05T08:25:00+04:00 Dubai,15.29891586303711°C,41.68%
2023-06-05T08:30:00+04:00 Dubai,15.44822883605957°C,41.68%
2023-06-05T08:35:00+04:00 Dubai,15.44822883605957°C,41.68%
2023-06-05T08:40:00+04:00 Dubai,15.597383499145508°C,42.93%
2023-06-05T08:45:00+04:00 Dubai,15.597383499145508°C,44.15%
2023-06-05T08:50:00+04:00 Dubai,15.597383499145508°C,45.37%
2023-06-05T08:55:00+04:00 Dubai,15.597383499145508°C,46.53%
2023-06-05T09:00:00+04:00 Dubai,15.597383499145508°C,47.73%
2023-06-05T09:05:00+04:00 Dubai,15.448201179504395°C,46.33%
2023-06-05T09:10:00+04:00 Dubai,15.448201179504395°C,46.33%
2023-06-05T09:15:00+04:00 Dubai,15.448201179504395°C,46.33%
2023-06-05T09:20:00+04:00 Dubai,15.448201179504395°C,46.33%
2023-06-05T09:25:00+04:00 Dubai,15.92076587677002°C,49.16%
2023-06-05T09:30:00+04:00 Dubai,15.92076587677002°C,53.74%
2023-06-05T09:35:00+04:00 Dubai,16.070436477661133°C,56.35%
2023-06-05T09:40:00+04:00 Dubai,16.070436477661133°C,60.30%
2023-06-05T09:45:00+04:00 Dubai,16.070436477661133°C,62.57%
2023-06-05T09:50:00+04:00 Dubai,15.916767120361328°C,64.09%
2023-06-05T09:55:00+04:00 Dubai,15.448680877685547°C,61.20%
2023-06-05T10:00:00+04:00 Dubai,14.833120346069336°C,61.20%
2023-06-05T10:05:00+04:00 Dubai,15.141715049743652°C,61.20%
2023-06-05T10:10:00+04:00 Dubai,14.990220069885254°C,61.20%
2023-06-05T10:15:00+04:00 Dubai,14.687606811523438°C,61.20%
2023-06-05T10:20:00+04:00 Dubai,17.511014938354492°C,17.70%
2023-06-05T10:25:00+04:00 Dubai,17.56662940979004°C,37.74%
2023-06-05T10:30:00+04:00 Dubai,17.26051139831543°C,41.36%
2023-06-05T10:35:00+04:00 Dubai,16.792739868164062°C,45.79%
2023-06-05T10:40:00+04:00 Dubai,16.64413070678711°C,49.22%
2023-06-05T10:45:00+04:00 Dubai,16.494564056396484°C,52.72%
2023-06-05T10:50:00+04:00 Dubai,16.03692626953125°C,52.72%
2023-06-05T10:55:00+04:00 Dubai,15.886845588684082°C,52.72%
2023-06-05T11:00:00+04:00 Dubai,15.886845588684082°C,52.72%
2023-06-05T11:05:00+04:00 Dubai,15.738161087036133°C,53.85%
2023-06-05T11:10:00+04:00 Dubai,15.738161087036133°C,53.85%
2023-06-05T11:15:00+04:00 Dubai,15.588373184204102°C,53.85%
2023-06-05T11:20:00+04:00 Dubai,15.588373184204102°C,53.85%
2023-06-05T11:25:00+04:00 Dubai,15.588373184204102°C,53.85%
2023-06-05T11:30:00+04:00 Dubai,15.439468383789062°C,53.85%
2023-06-05T11:35:00+04:00 Dubai,15.439468383789062°C,53.85%
2023-06-05T11:40:00+04:00 Dubai,15.439468383789062°C,53.85%
2023-06-05T11:45:00+04:00 Dubai,15.439468383789062°C,53.85%
2023-06-05T11:50:00+04:00 Dubai,15.439468383789062°C,53.85%
2023-06-05T11:55:00+04:00 Dubai,15.439468383789062°C,53.85%
2023-06-05T12:00:00+04:00 Dubai,15.439468383789062°C,53.85%
2023-06-05T12:05:00+04:00 Dubai,15.439468383789062°C,53.85%
2023-06-05T12:10:00+04:00 Dubai,15.592453002929688°C,53.85%
2023-06-05T12:15:00+04:00 Dubai,15.592453002929688°C,56.32%
2023-06-05T12:20:00+04:00 Dubai,15.592453002929688°C,56.32%
2023-06-05T12:25:00+04:00 Dubai,15.44348430633545°C,56.32%
2023-06-05T12:30:00+04:00 Dubai,15.44348430633545°C,56.32%
2023-06-05T12:35:00+04:00 Dubai,15.44348430633545°C,56.32%
2023-06-05T12:40:00+04:00 Dubai,15.44348430633545°C,56.32%
2023-06-05T12:45:00+04:00 Dubai,15.44348430633545°C,56.32%
2023-06-05T12:50:00+04:00 Dubai,15.293068885803223°C,56.32%
2023-06-05T12:55:00+04:00 Dubai,15.293068885803223°C,56.32%
2023-06-05T13:00:00+04:00 Dubai,15.293068885803223°C,56.32%
2023-06-05T13:05:00+04:00 Dubai,15.293068885803223°C,56.32%
2023-06-05T13:10:00+04:00 Dubai,15.293068885803223°C,56.32%
2023-06-05T13:15:00+04:00 Dubai,15.1439208984375°C,56.32%
2023-06-05T13:20:00+04:00 Dubai,15.1439208984375°C,56.32%
2023-06-05T13:25:00+04:00 Dubai,15.1439208984375°C,56.32%
2023-06-05T13:30:00+04:00 Dubai,15.1439208984375°C,56.32%
2023-06-05T13:35:00+04:00 Dubai,15.1439208984375°C,56.32%
2023-06-05T13:40:00+04:00 Dubai,15.1439208984375°C,56.32%
2023-06-05T13:45:00+04:00 Dubai,15.1439208984375°C,56.32%
2023-06-05T13:50:00+04:00 Dubai,15.1439208984375°C,56.32%
2023-06-05T13:55:00+04:00 Dubai,15.1439208984375°C,56.32%
2023-06-05T14:00:00+04:00 Dubai,15.1439208984375°C,56.32%
2023-06-05T14:05:00+04:00 Dubai,15.1439208984375°C,56.32%
2023-06-05T14:10:00+04:00 Dubai,14.99470329284668°C,56.32%
2023-06-05T14:15:00+04:00 Dubai,14.99470329284668°C,56.32%
2023-06-05T14:20:00+04:00 Dubai,14.99470329284668°C,56.32%
2023-06-05T14:25:00+04:00 Dubai,14.99470329284668°C,56.32%
2023-06-05T14:30:00+04:00 Dubai,14.99470329284668°C,56.32%
2023-06-05T14:35:00+04:00 Dubai,14.99470329284668°C,56.32%
2023-06-05T14:40:00+04:00 Dubai,14.99470329284668°C,56.32%
2023-06-05T14:45:00+04:00 Dubai,14.99470329284668°C,56.32%
2023-06-05T14:50:00+04:00 Dubai,14.99470329284668°C,56.32%
2023-06-05T14:55:00+04:00 Dubai,14.99470329284668°C,56.32%
2023-06-05T15:00:00+04:00 Dubai,14.99470329284668°C,56.32%
2023-06-05T15:05:00+04:00 Dubai,14.99470329284668°C,56.32%
2023-06-05T15:10:00+04:00 Dubai,14.99470329284668°C,56.32%
2023-06-05T15:15:00+04:00 Dubai,14.99470329284668°C,56.32%
2023-06-05T15:20:00+04:00 Dubai,14.99470329284668°C,56.32%
2023-06-05T15:25:00+04:00 Dubai,14.99470329284668°C,56.32%
2023-06-05T15:30:00+04:00 Dubai,14.99470329284668°C,56.32%
2023-06-05T15:35:00+04:00 Dubai,14.99470329284668°C,56.32%
2023-06-05T15:40:00+04:00 Dubai,14.99470329284668°C,56.32%
2023-06-05T15:45:00+04:00 Dubai,14.99470329284668°C,56.32%
2023-06-05T15:50:00+04:00 Dubai,14.99470329284668°C,56.32%
2023-06-05T15:55:00+04:00 Dubai,14.84543514251709°C,56.32%
2023-06-05T16:00:00+04:00 Dubai,14.84543514251709°C,56.32%
2023-06-05T16:05:00+04:00 Dubai,14.84543514251709°C,56.32%
2023-06-05T16:10:00+04:00 Dubai,14.84543514251709°C,56.32%
2023-06-05T16:15:00+04:00 Dubai,14.84543514251709°C,56.32%
2023-06-05T16:20:00+04:00 Dubai,14.84543514251709°C,56.32%
2023-06-05T16:25:00+04:00 Dubai,14.84543514251709°C,56.32%
2023-06-05T16:30:00+04:00 Dubai,14.84543514251709°C,56.32%
2023-06-05T16:35:00+04:00 Dubai,14.84543514251709°C,56.32%
2023-06-05T16:40:00+04:00 Dubai,14.84543514251709°C,56.32%
2023-06-05T16:45:00+04:00 Dubai,14.84543514251709°C,56.32%
2023-06-05T16:50:00+04:00 Dubai,14.69534969329834°C,56.32%
2023-06-05T16:55:00+04:00 Dubai,14.69534969329834°C,56.32%
2023-06-05T17:00:00+04:00 Dubai,14.69534969329834°C,56.32%
2023-06-05T17:05:00+04:00 Dubai,14.69534969329834°C,56.32%
2023-06-05T17:10:00+04:00 Dubai,14.69534969329834°C,56.32%
2023-06-05T17:15:00+04:00 Dubai,14.69534969329834°C,56.32%
2023-06-05T17:20:00+04:00 Dubai,14.546634674072266°C,56.32%
2023-06-05T17:25:00+04:00 Dubai,14.546634674072266°C,56.32%
2023-06-05T17:30:00+04:00 Dubai,14.546634674072266°C,55.10%
2023-06-05T17:35:00+04:00 Dubai,14.546634674072266°C,55.10%
2023-06-05T17:40:00+04:00 Dubai,14.546634674072266°C,54.06%
2023-06-05T17:45:00+04:00 Dubai,14.546634674072266°C,54.06%
2023-06-05T17:50:00+04:00 Dubai,14.397720336914062°C,53.02%
2023-06-05T17:55:00+04:00 Dubai,14.397720336914062°C,51.89%
2023-06-05T18:00:00+04:00 Dubai,14.397720336914062°C,50.51%
2023-06-05T18:05:00+04:00 Dubai,14.397720336914062°C,50.51%
2023-06-05T18:10:00+04:00 Dubai,14.397720336914062°C,50.51%
2023-06-05T18:15:00+04:00 Dubai,14.397720336914062°C,50.51%
2023-06-05T18:20:00+04:00 Dubai,14.397720336914062°C,49.49%
2023-06-05T18:25:00+04:00 Dubai,14.397720336914062°C,48.40%
2023-06-05T18:30:00+04:00 Dubai,14.397720336914062°C,46.98%
2023-06-05T18:35:00+04:00 Dubai,14.397720336914062°C,46.98%
2023-06-05T18:40:00+04:00 Dubai,14.397720336914062°C,46.98%
2023-06-05T18:45:00+04:00 Dubai,14.397720336914062°C,45.74%
2023-06-05T18:50:00+04:00 Dubai,14.397720336914062°C,43.42%
2023-06-05T18:55:00+04:00 Dubai,14.40108871459961°C,43.20%
2023-06-05T19:00:00+04:00 Dubai,14.40108871459961°C,44.29%
2023-06-05T19:05:00+04:00 Dubai,14.40108871459961°C,42.72%
2023-06-05T19:10:00+04:00 Dubai,14.40108871459961°C,42.72%
2023-06-05T19:15:00+04:00 Dubai,14.40108871459961°C,42.72%
2023-06-05T19:20:00+04:00 Dubai,14.40108871459961°C,41.69%
2023-06-05T19:25:00+04:00 Dubai,14.40108871459961°C,41.69%
2023-06-05T19:30:00+04:00 Dubai,14.40108871459961°C,41.69%
2023-06-05T19:35:00+04:00 Dubai,14.40108871459961°C,40.70%
2023-06-05T19:40:00+04:00 Dubai,14.40108871459961°C,40.70%
2023-06-05T19:45:00+04:00 Dubai,14.40108871459961°C,39.64%
2023-06-05T19:50:00+04:00 Dubai,14.40108871459961°C,39.64%
2023-06-05T19:55:00+04:00 Dubai,14.40108871459961°C,39.64%
2023-06-05T20:00:00+04:00 Dubai,14.40108871459961°C,39.64%
2023-06-05T20:05:00+04:00 Dubai,14.40108871459961°C,39.64%
2023-06-05T20:10:00+04:00 Dubai,14.40108871459961°C,39.64%
2023-06-05T20:15:00+04:00 Dubai,14.40108871459961°C,39.64%
2023-06-05T20:20:00+04:00 Dubai,14.40108871459961°C,39.64%
2023-06-05T20:25:00+04:00 Dubai,14.40108871459961°C,39.64%
2023-06-05T20:30:00+04:00 Dubai,14.40108871459961°C,39.64%
2023-06-05T20:35:00+04:00 Dubai,14.40108871459961°C,38.64%
2023-06-05T20:40:00+04:00 Dubai,14.40108871459961°C,38.64%
2023-06-05T20:45:00+04:00 Dubai,14.40108871459961°C,38.64%
2023-06-05T20:50:00+04:00 Dubai,14.717351913452148°C,37.45%
2023-06-05T20:55:00+04:00 Dubai,14.869424819946289°C,37.45%
2023-06-05T21:00:00+04:00 Dubai,14.869424819946289°C,37.45%
2023-06-05T21:05:00+04:00 Dubai,15.019928932189941°C,37.45%
2023-06-05T21:10:00+04:00 Dubai,15.019928932189941°C,37.45%
2023-06-05T21:15:00+04:00 Dubai,15.019928932189941°C,37.45%
2023-06-05T21:20:00+04:00 Dubai,15.019928932189941°C,37.45%
2023-06-05T21:25:00+04:00 Dubai,15.169330596923828°C,37.45%
2023-06-05T21:30:00+04:00 Dubai,15.169330596923828°C,37.45%
2023-06-05T21:35:00+04:00 Dubai,15.169330596923828°C,37.45%
2023-06-05T21:40:00+04:00 Dubai,15.169330596923828°C,37.45%
2023-06-05T21:45:00+04:00 Dubai,15.169330596923828°C,37.45%
2023-06-05T21:50:00+04:00 Dubai,15.169330596923828°C,37.45%
2023-06-05T21:55:00+04:00 Dubai,15.169330596923828°C,37.45%
2023-06-05T22:00:00+04:00 Dubai,15.169330596923828°C,37.45%
2023-06-05T22:05:00+04:00 Dubai,15.169330596923828°C,37.45%
2023-06-05T22:10:00+04:00 Dubai,15.169330596923828°C,37.45%
2023-06-05T22:15:00+04:00 Dubai,15.169330596923828°C,37.45%
2023-06-05T22:20:00+04:00 Dubai,15.169330596923828°C,37.45%
2023-06-05T22:25:00+04:00 Dubai,15.169330596923828°C,37.45%
2023-06-05T22:30:00+04:00 Dubai,15.318392753601074°C,37.45%
2023-06-05T22:35:00+04:00 Dubai,15.318392753601074°C,37.45%
2023-06-05T22:40:00+04:00 Dubai,15.318392753601074°C,37.45%
2023-06-05T22:45:00+04:00 Dubai,15.318392753601074°C,37.45%
2023-06-05T22:50:00+04:00 Dubai,15.318392753601074°C,37.45%
2023-06-05T22:55:00+04:00 Dubai,15.318392753601074°C,37.45%
2023-06-05T23:00:00+04:00 Dubai,15.318392753601074°C,37.45%
2023-06-05T23:05:00+04:00 Dubai,15.318392753601074°C,37.45%
2023-06-05T23:10:00+04:00 Dubai,15.318392753601074°C,37.45%
2023-06-05T23:15:00+04:00 Dubai,15.318392753601074°C,37.45%
2023-06-05T23:20:00+04:00 Dubai,15.318392753601074°C,37.45%
2023-06-05T23:25:00+04:00 Dubai,15.318392753601074°C,37.45%
2023-06-05T23:30:00+04:00 Dubai,15.318392753601074°C,37.45%
2023-06-05T23:35:00+04:00 Dubai,15.318392753601074°C,37.45%
2023-06-05T23:40:00+04:00 Dubai,15.318392753601074°C,37.45%
2023-06-05T23:45:00+04:00 Dubai,15.318392753601074°C,37.45%
2023-06-05T23:50:00+04:00 Dubai,15.318392753601074°C,37.45%
2023-06-05T23:55:00+04:00 Dubai,15.318392753601074°C,37.45%
2023-06-06T00:00:00+04:00 Dubai,14.858529090881348°C,44.80%
2023-06-06T00:05:00+04:00 Dubai,14.70869255065918°C,44.80%
2023-06-06T00:10:00+04:00 Dubai,14.70869255065918°C,42.39%
2023-06-06T00:15:00+04:00 Dubai,14.55642318725586°C,42.39%
2023-06-06T00:20:00+04:00 Dubai,14.55642318725586°C,42.39%
2023-06-06T00:25:00+04:00 Dubai,14.55642318725586°C,42.39%
2023-06-06T00:30:00+04:00 Dubai,14.55642318725586°C,41.39%
2023-06-06T00:35:00+04:00 Dubai,14.407007217407227°C,41.39%
2023-06-06T00:40:00+04:00 Dubai,14.407007217407227°C,39.32%
2023-06-06T00:45:00+04:00 Dubai,14.705541610717773°C,40.68%
2023-06-06T00:50:00+04:00 Dubai,14.705541610717773°C,40.68%
2023-06-06T00:55:00+04:00 Dubai,14.705541610717773°C,40.68%
2023-06-06T01:00:00+04:00 Dubai,14.705541610717773°C,40.68%
2023-06-06T01:05:00+04:00 Dubai,14.705541610717773°C,40.68%
2023-06-06T01:10:00+04:00 Dubai,14.705541610717773°C,40.68%
2023-06-06T01:15:00+04:00 Dubai,14.705541610717773°C,40.68%
2023-06-06T01:20:00+04:00 Dubai,14.705541610717773°C,40.68%
2023-06-06T01:25:00+04:00 Dubai,14.705541610717773°C,40.68%
2023-06-06T01:30:00+04:00 Dubai,14.705541610717773°C,40.68%
2023-06-06T01:35:00+04:00 Dubai,14.705541610717773°C,40.68%
2023-06-06T01:40:00+04:00 Dubai,14.705541610717773°C,40.68%
2023-06-06T01:45:00+04:00 Dubai,14.705541610717773°C,40.68%
2023-06-06T01:50:00+04:00 Dubai,14.705541610717773°C,40.68%
2023-06-06T01:55:00+04:00 Dubai,14.705541610717773°C,40.68%
2023-06-06T02:00:00+04:00 Dubai,14.705541610717773°C,40.68%
2023-06-06T02:05:00+04:00 Dubai,14.705541610717773°C,40.68%
2023-06-06T02:10:00+04:00 Dubai,14.705541610717773°C,40.68%
2023-06-06T02:15:00+04:00 Dubai,14.705541610717773°C,40.68%
2023-06-06T02:20:00+04:00 Dubai,14.705541610717773°C,40.68%
2023-06-06T02:25:00+04:00 Dubai,14.705541610717773°C,40.68%
2023-06-06T02:30:00+04:00 Dubai,14.705541610717773°C,40.68%
2023-06-06T02:35:00+04:00 Dubai,14.705541610717773°C,40.68%
2023-06-06T02:40:00+04:00 Dubai,14.705541610717773°C,40.68%
2023-06-06T02:45:00+04:00 Dubai,14.705541610717773°C,40.68%
2023-06-06T02:50:00+04:00 Dubai,14.705541610717773°C,40.68%
2023-06-06T02:55:00+04:00 Dubai,14.705541610717773°C,40.68%
2023-06-06T03:00:00+04:00 Dubai,14.705541610717773°C,40.68%
2023-06-06T03:05:00+04:00 Dubai,14.705541610717773°C,40.68%
2023-06-06T03:10:00+04:00 Dubai,14.705541610717773°C,40.68%
2023-06-06T03:15:00+04:00 Dubai,14.705541610717773°C,40.68%
2023-06-06T03:20:00+04:00 Dubai,14.705541610717773°C,40.68%
2023-06-06T03:25:00+04:00 Dubai,14.705541610717773°C,40.68%
2023-06-06T03:30:00+04:00 Dubai,14.705541610717773°C,40.68%
2023-06-06T03:35:00+04:00 Dubai,14.705541610717773°C,40.68%
2023-06-06T03:40:00+04:00 Dubai,14.705541610717773°C,40.68%
2023-06-06T03:45:00+04:00 Dubai,14.705541610717773°C,40.68%
2023-06-06T03:50:00+04:00 Dubai,14.705541610717773°C,40.68%
2023-06-06T03:55:00+04:00 Dubai,14.705541610717773°C,40.68%
2023-06-06T04:00:00+04:00 Dubai,14.705541610717773°C,40.68%
2023-06-06T04:05:00+04:00 Dubai,14.705541610717773°C,40.68%
2023-06-06T04:10:00+04:00 Dubai,14.705541610717773°C,40.68%
2023-06-06T04:15:00+04:00 Dubai,14.705541610717773°C,40.68%
2023-06-06T04:20:00+04:00 Dubai,14.705541610717773°C,40.68%
2023-06-06T04:25:00+04:00 Dubai,14.705541610717773°C,40.68%
2023-06-06T04:30:00+04:00 Dubai,14.705541610717773°C,40.68%
2023-06-06T04:35:00+04:00 Dubai,14.705541610717773°C,40.68%
2023-06-06T04:40:00+04:00 Dubai,14.705541610717773°C,40.68%
2023-06-06T04:45:00+04:00 Dubai,14.705541610717773°C,40.68%
2023-06-06T04:50:00+04:00 Dubai,14.705541610717773°C,40.68%
2023-06-06T04:55:00+04:00 Dubai,14.705541610717773°C,40.68%
2023-06-06T05:00:00+04:00 Dubai,14.705541610717773°C,40.68%
2023-06-06T05:05:00+04:00 Dubai,14.705541610717773°C,40.68%
2023-06-06T05:10:00+04:00 Dubai,14.705541610717773°C,40.68%
2023-06-06T05:15:00+04:00 Dubai,14.705541610717773°C,40.68%
2023-06-06T05:20:00+04:00 Dubai,14.705541610717773°C,40.68%
2023-06-06T05:25:00+04:00 Dubai,14.705541610717773°C,40.68%
2023-06-06T05:30:00+04:00 Dubai,14.705541610717773°C,40.68%
2023-06-06T05:35:00+04:00 Dubai,14.705541610717773°C,40.68%
2023-06-06T05:40:00+04:00 Dubai,14.705541610717773°C,40.68%
2023-06-06T05:45:00+04:00 Dubai,14.705541610717773°C,40.68%
2023-06-06T05:50:00+04:00 Dubai,14.705541610717773°C,40.68%
2023-06-06T05:55:00+04:00 Dubai,14.705541610717773°C,40.68%
2023-06-06T06:00:00+04:00 Dubai,14.705541610717773°C,40.68%
2023-06-06T06:05:00+04:00 Dubai,14.705541610717773°C,40.68%
2023-06-06T06:10:00+04:00 Dubai,14.705541610717773°C,40.68%
2023-06-06T06:15:00+04:00 Dubai,14.705541610717773°C,40.68%
2023-06-06T06:20:00+04:00 Dubai,14.705541610717773°C,40.68%
2023-06-06T06:25:00+04:00 Dubai,14.705541610717773°C,40.68%
2023-06-06T06:30:00+04:00 Dubai,14.705541610717773°C,40.68%
2023-06-06T06:35:00+04:00 Dubai,14.705541610717773°C,40.68%
2023-06-06T06:40:00+04:00 Dubai,14.705541610717773°C,40.68%
2023-06-06T06:45:00+04:00 Dubai,14.856904983520508°C,40.68%
2023-06-06T06:50:00+04:00 Dubai,14.856904983520508°C,40.68%
2023-06-06T06:55:00+04:00 Dubai,14.856904983520508°C,40.68%
2023-06-06T07:00:00+04:00 Dubai,15.005900382995605°C,40.68%
2023-06-06T07:05:00+04:00 Dubai,15.005900382995605°C,40.68%
2023-06-06T07:10:00+04:00 Dubai,15.15539264678955°C,40.68%
2023-06-06T07:15:00+04:00 Dubai,15.15539264678955°C,40.68%
2023-06-06T07:20:00+04:00 Dubai,15.15539264678955°C,40.68%
2023-06-06T07:25:00+04:00 Dubai,15.15539264678955°C,40.68%
2023-06-06T07:30:00+04:00 Dubai,15.15539264678955°C,40.68%
2023-06-06T07:35:00+04:00 Dubai,15.15539264678955°C,40.68%
2023-06-06T07:40:00+04:00 Dubai,15.305541038513184°C,40.68%
2023-06-06T07:45:00+04:00 Dubai,15.305541038513184°C,40.68%
2023-06-06T07:50:00+04:00 Dubai,15.305541038513184°C,40.68%
2023-06-06T07:55:00+04:00 Dubai,15.305541038513184°C,40.68%
2023-06-06T08:00:00+04:00 Dubai,15.305541038513184°C,40.68%
2023-06-06T08:05:00+04:00 Dubai,15.454453468322754°C,40.68%
2023-06-06T08:10:00+04:00 Dubai,15.454453468322754°C,40.68%
2023-06-06T08:15:00+04:00 Dubai,15.603246688842773°C,41.98%
2023-06-06T08:20:00+04:00 Dubai,15.603246688842773°C,43.22%
2023-06-06T08:25:00+04:00 Dubai,15.603246688842773°C,44.31%
2023-06-06T08:30:00+04:00 Dubai,15.603246688842773°C,45.55%
2023-06-06T08:35:00+04:00 Dubai,15.752727508544922°C,47.94%
2023-06-06T08:40:00+04:00 Dubai,15.44941234588623°C,45.56%
2023-06-06T08:45:00+04:00 Dubai,15.44941234588623°C,45.56%
2023-06-06T08:50:00+04:00 Dubai,15.44941234588623°C,45.56%
2023-06-06T08:55:00+04:00 Dubai,15.44941234588623°C,45.56%
2023-06-06T09:00:00+04:00 Dubai,15.44941234588623°C,45.56%
2023-06-06T09:05:00+04:00 Dubai,15.44941234588623°C,45.56%
2023-06-06T09:10:00+04:00 Dubai,15.44941234588623°C,45.56%
2023-06-06T09:15:00+04:00 Dubai,15.598444938659668°C,46.63%
2023-06-06T09:20:00+04:00 Dubai,15.598444938659668°C,47.73%
2023-06-06T09:25:00+04:00 Dubai,15.598444938659668°C,48.72%
2023-06-06T09:30:00+04:00 Dubai,15.74777603149414°C,51.59%
2023-06-06T09:35:00+04:00 Dubai,15.598403930664062°C,51.59%
2023-06-06T09:40:00+04:00 Dubai,15.598403930664062°C,50.58%
2023-06-06T09:45:00+04:00 Dubai,15.598403930664062°C,51.60%
2023-06-06T09:50:00+04:00 Dubai,15.598403930664062°C,52.75%
2023-06-06T09:55:00+04:00 Dubai,,
2023-06-06T10:00:00+04:00 Dubai,,
2023-06-06T10:05:00+04:00 Dubai,,
2023-06-06T10:10:00+04:00 Dubai,,
2023-06-06T10:15:00+04:00 Dubai,,
2023-06-06T10:20:00+04:00 Dubai,,
2023-06-06T10:25:00+04:00 Dubai,,
2023-06-06T10:30:00+04:00 Dubai,,
2023-06-06T10:35:00+04:00 Dubai,,
2023-06-06T10:40:00+04:00 Dubai,,
2023-06-06T10:45:00+04:00 Dubai,,
2023-06-06T10:50:00+04:00 Dubai,,
2023-06-06T10:55:00+04:00 Dubai,,
2023-06-06T11:00:00+04:00 Dubai,,
2023-06-06T11:05:00+04:00 Dubai,,
2023-06-06T11:10:00+04:00 Dubai,,
2023-06-06T11:15:00+04:00 Dubai,,
2023-06-06T11:20:00+04:00 Dubai,,
2023-06-06T11:25:00+04:00 Dubai,,
2023-06-06T11:30:00+04:00 Dubai,,
2023-06-06T11:35:00+04:00 Dubai,,
2023-06-06T11:40:00+04:00 Dubai,,
2023-06-06T11:45:00+04:00 Dubai,,
2023-06-06T11:50:00+04:00 Dubai,,
2023-06-06T11:55:00+04:00 Dubai,,
2023-06-06T12:00:00+04:00 Dubai,,
2023-06-06T12:05:00+04:00 Dubai,,
2023-06-06T12:10:00+04:00 Dubai,,
2023-06-06T12:15:00+04:00 Dubai,,
2023-06-06T12:20:00+04:00 Dubai,,
2023-06-06T12:25:00+04:00 Dubai,,
2023-06-06T12:30:00+04:00 Dubai,,
2023-06-06T12:35:00+04:00 Dubai,,
2023-06-06T12:40:00+04:00 Dubai,,
2023-06-06T12:45:00+04:00 Dubai,,
2023-06-06T12:50:00+04:00 Dubai,,
2023-06-06T12:55:00+04:00 Dubai,,
2023-06-06T13:00:00+04:00 Dubai,,
2023-06-06T13:05:00+04:00 Dubai,,
2023-06-06T13:10:00+04:00 Dubai,,
2023-06-06T13:15:00+04:00 Dubai,,
2023-06-06T13:20:00+04:00 Dubai,,
2023-06-06T13:25:00+04:00 Dubai,,
2023-06-06T13:30:00+04:00 Dubai,,
2023-06-06T13:35:00+04:00 Dubai,,
2023-06-06T13:40:00+04:00 Dubai,,
2023-06-06T13:45:00+04:00 Dubai,,
2023-06-06T13:50:00+04:00 Dubai,,
2023-06-06T13:55:00+04:00 Dubai,,
2023-06-06T14:00:00+04:00 Dubai,,
2023-06-06T14:05:00+04:00 Dubai,,
2023-06-06T14:10:00+04:00 Dubai,,
2023-06-06T14:15:00+04:00 Dubai,,
2023-06-06T14:20:00+04:00 Dubai,,
2023-06-06T14:25:00+04:00 Dubai,,
2023-06-06T14:30:00+04:00 Dubai,,
2023-06-06T14:35:00+04:00 Dubai,,
2023-06-06T14:40:00+04:00 Dubai,,
2023-06-06T14:45:00+04:00 Dubai,,
2023-06-06T14:50:00+04:00 Dubai,,
2023-06-06T14:55:00+04:00 Dubai,,
2023-06-06T15:00:00+04:00 Dubai,,
2023-06-06T15:05:00+04:00 Dubai,,
2023-06-06T15:10:00+04:00 Dubai,,
2023-06-06T15:15:00+04:00 Dubai,,
2023-06-06T15:20:00+04:00 Dubai,,
2023-06-06T15:25:00+04:00 Dubai,,
2023-06-06T15:30:00+04:00 Dubai,,
2023-06-06T15:35:00+04:00 Dubai,,
2023-06-06T15:40:00+04:00 Dubai,,
2023-06-06T15:45:00+04:00 Dubai,,
2023-06-06T15:50:00+04:00 Dubai,,
2023-06-06T15:55:00+04:00 Dubai,,
2023-06-06T16:00:00+04:00 Dubai,,
2023-06-06T16:05:00+04:00 Dubai,,
2023-06-06T16:10:00+04:00 Dubai,,
2023-06-06T16:15:00+04:00 Dubai,,
2023-06-06T16:20:00+04:00 Dubai,,
2023-06-06T16:25:00+04:00 Dubai,,
2023-06-06T16:30:00+04:00 Dubai,,
2023-06-06T16:35:00+04:00 Dubai,,
2023-06-06T16:40:00+04:00 Dubai,,
2023-06-06T16:45:00+04:00 Dubai,,
2023-06-06T16:50:00+04:00 Dubai,,
2023-06-06T16:55:00+04:00 Dubai,,
2023-06-06T17:00:00+04:00 Dubai,,
2023-06-06T17:05:00+04:00 Dubai,,
2023-06-06T17:10:00+04:00 Dubai,,
2023-06-06T17:15:00+04:00 Dubai,,
2023-06-06T17:20:00+04:00 Dubai,,
2023-06-06T17:25:00+04:00 Dubai,,
2023-06-06T17:30:00+04:00 Dubai,,
2023-06-06T17:35:00+04:00 Dubai,,
2023-06-06T17:40:00+04:00 Dubai,,
2023-06-06T17:45:00+04:00 Dubai,,
2023-06-06T17:50:00+04:00 Dubai,,
2023-06-06T17:55:00+04:00 Dubai,,
2023-06-06T18:00:00+04:00 Dubai,,
2023-06-06T18:05:00+04:00 Dubai,,
2023-06-06T18:10:00+04:00 Dubai,,
2023-06-06T18:15:00+04:00 Dubai,,
2023-06-06T18:20:00+04:00 Dubai,,
2023-06-06T18:25:00+04:00 Dubai,,
2023-06-06T18:30:00+04:00 Dubai,,
2023-06-06T18:35:00+04:00 Dubai,,
2023-06-06T18:40:00+04:00 Dubai,,
2023-06-06T18:45:00+04:00 Dubai,,
2023-06-06T18:50:00+04:00 Dubai,,
2023-06-06T18:55:00+04:00 Dubai,,
2023-06-06T19:00:00+04:00 Dubai,,
2023-06-06T19:05:00+04:00 Dubai,,
2023-06-06T19:10:00+04:00 Dubai,,
2023-06-06T19:15:00+04:00 Dubai,,
2023-06-06T19:20:00+04:00 Dubai,,
2023-06-06T19:25:00+04:00 Dubai,,
2023-06-06T19:30:00+04:00 Dubai,,
2023-06-06T19:35:00+04:00 Dubai,,
2023-06-06T19:40:00+04:00 Dubai,,
2023-06-06T19:45:00+04:00 Dubai,,
2023-06-06T19:50:00+04:00 Dubai,,
2023-06-06T19:55:00+04:00 Dubai,,
2023-06-06T20:00:00+04:00 Dubai,,
2023-06-06T20:05:00+04:00 Dubai,,
2023-06-06T20:10:00+04:00 Dubai,,
2023-06-06T20:15:00+04:00 Dubai,,
2023-06-06T20:20:00+04:00 Dubai,,
2023-06-06T20:25:00+04:00 Dubai,,
2023-06-06T20:30:00+04:00 Dubai,,
2023-06-06T20:35:00+04:00 Dubai,,
2023-06-06T20:40:00+04:00 Dubai,,
2023-06-06T20:45:00+04:00 Dubai,,
2023-06-06T20:50:00+04:00 Dubai,,
2023-06-06T20:55:00+04:00 Dubai,,
2023-06-06T21:00:00+04:00 Dubai,,
2023-06-06T21:05:00+04:00 Dubai,,
2023-06-06T21:10:00+04:00 Dubai,,
2023-06-06T21:15:00+04:00 Dubai,,
2023-06-06T21:20:00+04:00 Dubai,,
2023-06-06T21:25:00+04:00 Dubai,,
2023-06-06T21:30:00+04:00 Dubai,,
2023-06-06T21:35:00+04:00 Dubai,,
2023-06-06T21:40:00+04:00 Dubai,,
2023-06-06T21:45:00+04:00 Dubai,,
2023-06-06T21:50:00+04:00 Dubai,,
2023-06-06T21:55:00+04:00 Dubai,,
2023-06-06T22:00:00+04:00 Dubai,,
2023-06-06T22:05:00+04:00 Dubai,,
2023-06-06T22:10:00+04:00 Dubai,,
2023-06-06T22:15:00+04:00 Dubai,,
2023-06-06T22:20:00+04:00 Dubai,,
2023-06-06T22:25:00+04:00 Dubai,,
2023-06-06T22:30:00+04:00 Dubai,,
2023-06-06T22:35:00+04:00 Dubai,,
2023-06-06T22:40:00+04:00 Dubai,,
2023-06-06T22:45:00+04:00 Dubai,,
2023-06-06T22:50:00+04:00 Dubai,,
2023-06-06T22:55:00+04:00 Dubai,,
2023-06-06T23:00:00+04:00 Dubai,,
2023-06-06T23:05:00+04:00 Dubai,,
2023-06-06T23:10:00+04:00 Dubai,,
2023-06-06T23:15:00+04:00 Dubai,,
2023-06-06T23:20:00+04:00 Dubai,,
2023-06-06T23:25:00+04:00 Dubai,,
2023-06-06T23:30:00+04:00 Dubai,,
2023-06-06T23:35:00+04:00 Dubai,,
2023-06-06T23:40:00+04:00 Dubai,,
2023-06-06T23:45:00+04:00 Dubai,,
2023-06-06T23:50:00+04:00 Dubai,,
2023-06-06T23:55:00+04:00 Dubai,,
2023-06-07T00:00:00+04:00 Dubai,,
2023-06-07T00:05:00+04:00 Dubai,,
2023-06-07T00:10:00+04:00 Dubai,,
2023-06-07T00:15:00+04:00 Dubai,,
2023-06-07T00:20:00+04:00 Dubai,,
2023-06-07T00:25:00+04:00 Dubai,,
2023-06-07T00:30:00+04:00 Dubai,,
2023-06-07T00:35:00+04:00 Dubai,,
2023-06-07T00:40:00+04:00 Dubai,,
2023-06-07T00:45:00+04:00 Dubai,,
2023-06-07T00:50:00+04:00 Dubai,,
2023-06-07T00:55:00+04:00 Dubai,,
2023-06-07T01:00:00+04:00 Dubai,,
2023-06-07T01:05:00+04:00 Dubai,,
2023-06-07T01:10:00+04:00 Dubai,,
2023-06-07T01:15:00+04:00 Dubai,,
2023-06-07T01:20:00+04:00 Dubai,,
2023-06-07T01:25:00+04:00 Dubai,,
2023-06-07T01:30:00+04:00 Dubai,,
2023-06-07T01:35:00+04:00 Dubai,,
2023-06-07T01:40:00+04:00 Dubai,,
2023-06-07T01:45:00+04:00 Dubai,,
2023-06-07T01:50:00+04:00 Dubai,,
2023-06-07T01:55:00+04:00 Dubai,,
2023-06-07T02:00:00+04:00 Dubai,,
2023-06-07T02:05:00+04:00 Dubai,,
2023-06-07T02:10:00+04:00 Dubai,,
2023-06-07T02:15:00+04:00 Dubai,,
2023-06-07T02:20:00+04:00 Dubai,,
2023-06-07T02:25:00+04:00 Dubai,,
2023-06-07T02:30:00+04:00 Dubai,,
2023-06-07T02:35:00+04:00 Dubai,,
2023-06-07T02:40:00+04:00 Dubai,,
2023-06-07T02:45:00+04:00 Dubai,,
2023-06-07T02:50:00+04:00 Dubai,,
2023-06-07T02:55:00+04:00 Dubai,,
2023-06-07T03:00:00+04:00 Dubai,,
2023-06-07T03:05:00+04:00 Dubai,,
2023-06-07T03:10:00+04:00 Dubai,,
2023-06-07T03:15:00+04:00 Dubai,,
2023-06-07T03:20:00+04:00 Dubai,,
2023-06-07T03:25:00+04:00 Dubai,,
2023-06-07T03:30:00+04:00 Dubai,,
2023-06-07T03:35:00+04:00 Dubai,,
2023-06-07T03:40:00+04:00 Dubai,,
2023-06-07T03:45:00+04:00 Dubai,,
2023-06-07T03:50:00+04:00 Dubai,,
2023-06-07T03:55:00+04:00 Dubai,,
2023-06-07T04:00:00+04:00 Dubai,,
2023-06-07T04:05:00+04:00 Dubai,,
2023-06-07T04:10:00+04:00 Dubai,,
2023-06-07T04:15:00+04:00 Dubai,,
2023-06-07T04:20:00+04:00 Dubai,,
2023-06-07T04:25:00+04:00 Dubai,,
2023-06-07T04:30:00+04:00 Dubai,,
2023-06-07T04:35:00+04:00 Dubai,,
2023-06-07T04:40:00+04:00 Dubai,,
2023-06-07T04:45:00+04:00 Dubai,,
2023-06-07T04:50:00+04:00 Dubai,,
2023-06-07T04:55:00+04:00 Dubai,,
2023-06-07T05:00:00+04:00 Dubai,,
2023-06-07T05:05:00+04:00 Dubai,,
2023-06-07T05:10:00+04:00 Dubai,,
2023-06-07T05:15:00+04:00 Dubai,,
2023-06-07T05:20:00+04:00 Dubai,,
2023-06-07T05:25:00+04:00 Dubai,,
2023-06-07T05:30:00+04:00 Dubai,,
2023-06-07T05:35:00+04:00 Dubai,,
2023-06-07T05:40:00+04:00 Dubai,,
2023-06-07T05:45:00+04:00 Dubai,,
2023-06-07T05:50:00+04:00 Dubai,,
2023-06-07T05:55:00+04:00 Dubai,,
2023-06-07T06:00:00+04:00 Dubai,,
2023-06-07T06:05:00+04:00 Dubai,,
2023-06-07T06:10:00+04:00 Dubai,,
2023-06-07T06:15:00+04:00 Dubai,,
2023-06-07T06:20:00+04:00 Dubai,,
2023-06-07T06:25:00+04:00 Dubai,,
2023-06-07T06:30:00+04:00 Dubai,,
2023-06-07T06:35:00+04:00 Dubai,,
2023-06-07T06:40:00+04:00 Dubai,,
2023-06-07T06:45:00+04:00 Dubai,,
2023-06-07T06:50:00+04:00 Dubai,,
2023-06-07T06:55:00+04:00 Dubai,,
2023-06-07T07:00:00+04:00 Dubai,,
2023-06-07T07:05:00+04:00 Dubai,,
2023-06-07T07:10:00+04:00 Dubai,,
2023-06-07T07:15:00+04:00 Dubai,,
2023-06-07T07:20:00+04:00 Dubai,,
2023-06-07T07:25:00+04:00 Dubai,,
2023-06-07T07:30:00+04:00 Dubai,,
2023-06-07T07:35:00+04:00 Dubai,,
2023-06-07T07:40:00+04:00 Dubai,,
2023-06-07T07:45:00+04:00 Dubai,,
2023-06-07T07:50:00+04:00 Dubai,,
2023-06-07T07:55:00+04:00 Dubai,,
2023-06-07T08:00:00+04:00 Dubai,,
2023-06-07T08:05:00+04:00 Dubai,,
2023-06-07T08:10:00+04:00 Dubai,,
2023-06-07T08:15:00+04:00 Dubai,,
2023-06-07T08:20:00+04:00 Dubai,,
2023-06-07T08:25:00+04:00 Dubai,,
2023-06-07T08:30:00+04:00 Dubai,,
2023-06-07T08:35:00+04:00 Dubai,,
2023-06-07T08:40:00+04:00 Dubai,,
2023-06-07T08:45:00+04:00 Dubai,,
2023-06-07T08:50:00+04:00 Dubai,,
2023-06-07T08:55:00+04:00 Dubai,,
2023-06-07T09:00:00+04:00 Dubai,,
2023-06-07T09:05:00+04:00 Dubai,,
2023-06-07T09:10:00+04:00 Dubai,,
2023-06-07T09:15:00+04:00 Dubai,,
2023-06-07T09:20:00+04:00 Dubai,,
2023-06-07T09:25:00+04:00 Dubai,,
2023-06-07T09:30:00+04:00 Dubai,,
2023-06-07T09:35:00+04:00 Dubai,,
2023-06-07T09:40:00+04:00 Dubai,,
2023-06-07T09:45:00+04:00 Dubai,,
2023-06-07T09:50:00+04:00 Dubai,,
2023-06-07T09:55:00+04:00 Dubai,,
2023-06-07T10:00:00+04:00 Dubai,,
2023-06-07T10:05:00+04:00 Dubai,,
2023-06-07T10:10:00+04:00 Dubai,,
2023-06-07T10:15:00+04:00 Dubai,,
2023-06-07T10:20:00+04:00 Dubai,,
2023-06-07T10:25:00+04:00 Dubai,,
2023-06-07T10:30:00+04:00 Dubai,,
2023-06-07T10:35:00+04:00 Dubai,,
2023-06-07T10:40:00+04:00 Dubai,,
2023-06-07T10:45:00+04:00 Dubai,,
2023-06-07T10:50:00+04:00 Dubai,,
2023-06-07T10:55:00+04:00 Dubai,,
2023-06-07T11:00:00+04:00 Dubai,,
2023-06-07T11:05:00+04:00 Dubai,,
2023-06-07T11:10:00+04:00 Dubai,,
2023-06-07T11:15:00+04:00 Dubai,,
2023-06-07T11:20:00+04:00 Dubai,,
2023-06-07T11:25:00+04:00 Dubai,,
2023-06-07T11:30:00+04:00 Dubai,,
2023-06-07T11:35:00+04:00 Dubai,,
2023-06-07T11:40:00+04:00 Dubai,,
2023-06-07T11:45:00+04:00 Dubai,,
2023-06-07T11:50:00+04:00 Dubai,,
2023-06-07T11:55:00+04:00 Dubai,,
2023-06-07T12:00:00+04:00 Dubai,,
2023-06-07T12:05:00+04:00 Dubai,,
2023-06-07T12:10:00+04:00 Dubai,,
2023-06-07T12:15:00+04:00 Dubai,,
2023-06-07T12:20:00+04:00 Dubai,,
2023-06-07T12:25:00+04:00 Dubai,,
2023-06-07T12:30:00+04:00 Dubai,,
2023-06-07T12:35:00+04:00 Dubai,,
2023-06-07T12:40:00+04:00 Dubai,,
2023-06-07T12:45:00+04:00 Dubai,,
2023-06-07T12:50:00+04:00 Dubai,,
2023-06-07T12:55:00+04:00 Dubai,,
2023-06-07T13:00:00+04:00 Dubai,,
2023-06-07T13:05:00+04:00 Dubai,,
2023-06-07T13:10:00+04:00 Dubai,,
2023-06-07T13:15:00+04:00 Dubai,,
2023-06-07T13:20:00+04:00 Dubai,,
2023-06-07T13:25:00+04:00 Dubai,,
2023-06-07T13:30:00+04:00 Dubai,,
2023-06-07T13:35:00+04:00 Dubai,,
2023-06-07T13:40:00+04:00 Dubai,,
2023-06-07T13:45:00+04:00 Dubai,,
2023-06-07T13:50:00+04:00 Dubai,,
2023-06-07T13:55:00+04:00 Dubai,,
2023-06-07T14:00:00+04:00 Dubai,,
2023-06-07T14:05:00+04:00 Dubai,,
2023-06-07T14:10:00+04:00 Dubai,,
2023-06-07T14:15:00+04:00 Dubai,,
2023-06-07T14:20:00+04:00 Dubai,,
2023-06-07T14:25:00+04:00 Dubai,,
2023-06-07T14:30:00+04:00 Dubai,,
2023-06-07T14:35:00+04:00 Dubai,,
2023-06-07T14:40:00+04:00 Dubai,,
2023-06-07T14:45:00+04:00 Dubai,,
2023-06-07T14:50:00+04:00 Dubai,,
2023-06-07T14:55:00+04:00 Dubai,,
2023-06-07T15:00:00+04:00 Dubai,,
2023-06-07T15:05:00+04:00 Dubai,,
2023-06-07T15:10:00+04:00 Dubai,,
2023-06-07T15:15:00+04:00 Dubai,,
2023-06-07T15:20:00+04:00 Dubai,,
2023-06-07T15:25:00+04:00 Dubai,,
2023-06-07T15:30:00+04:00 Dubai,,
2023-06-07T15:35:00+04:00 Dubai,,
2023-06-07T15:40:00+04:00 Dubai,,
2023-06-07T15:45:00+04:00 Dubai,,
2023-06-07T15:50:00+04:00 Dubai,,
2023-06-07T15:55:00+04:00 Dubai,,
2023-06-07T16:00:00+04:00 Dubai,,
2023-06-07T16:05:00+04:00 Dubai,,
2023-06-07T16:10:00+04:00 Dubai,,
2023-06-07T16:15:00+04:00 Dubai,,
2023-06-07T16:20:00+04:00 Dubai,,
2023-06-07T16:25:00+04:00 Dubai,,
2023-06-07T16:30:00+04:00 Dubai,,
2023-06-07T16:35:00+04:00 Dubai,,
2023-06-07T16:40:00+04:00 Dubai,,
2023-06-07T16:45:00+04:00 Dubai,,
2023-06-07T16:50:00+04:00 Dubai,,
2023-06-07T16:55:00+04:00 Dubai,,
2023-06-07T17:00:00+04:00 Dubai,,
2023-06-07T17:05:00+04:00 Dubai,,
2023-06-07T17:10:00+04:00 Dubai,,
2023-06-07T17:15:00+04:00 Dubai,,
2023-06-07T17:20:00+04:00 Dubai,,
2023-06-07T17:25:00+04:00 Dubai,,
2023-06-07T17:30:00+04:00 Dubai,,
2023-06-07T17:35:00+04:00 Dubai,,
2023-06-07T17:40:00+04:00 Dubai,,
2023-06-07T17:45:00+04:00 Dubai,,
2023-06-07T17:50:00+04:00 Dubai,,
2023-06-07T17:55:00+04:00 Dubai,,
2023-06-07T18:00:00+04:00 Dubai,,
2023-06-07T18:05:00+04:00 Dubai,,
2023-06-07T18:10:00+04:00 Dubai,,
2023-06-07T18:15:00+04:00 Dubai,,
2023-06-07T18:20:00+04:00 Dubai,,
2023-06-07T18:25:00+04:00 Dubai,,
2023-06-07T18:30:00+04:00 Dubai,,
2023-06-07T18:35:00+04:00 Dubai,,
2023-06-07T18:40:00+04:00 Dubai,,
2023-06-07T18:45:00+04:00 Dubai,,
2023-06-07T18:50:00+04:00 Dubai,,
2023-06-07T18:55:00+04:00 Dubai,,
2023-06-07T19:00:00+04:00 Dubai,,
2023-06-07T19:05:00+04:00 Dubai,,
2023-06-07T19:10:00+04:00 Dubai,,
2023-06-07T19:15:00+04:00 Dubai,,
2023-06-07T19:20:00+04:00 Dubai,,
2023-06-07T19:25:00+04:00 Dubai,,
2023-06-07T19:30:00+04:00 Dubai,,
2023-06-07T19:35:00+04:00 Dubai,,
2023-06-07T19:40:00+04:00 Dubai,,
2023-06-07T19:45:00+04:00 Dubai,,
2023-06-07T19:50:00+04:00 Dubai,,
2023-06-07T19:55:00+04:00 Dubai,,
2023-06-07T20:00:00+04:00 Dubai,,
2023-06-07T20:05:00+04:00 Dubai,,
2023-06-07T20:10:00+04:00 Dubai,,
2023-06-07T20:15:00+04:00 Dubai,,
2023-06-07T20:20:00+04:00 Dubai,,
2023-06-07T20:25:00+04:00 Dubai,,
2023-06-07T20:30:00+04:00 Dubai,,
2023-06-07T20:35:00+04:00 Dubai,,
2023-06-07T20:40:00+04:00 Dubai,,
2023-06-07T20:45:00+04:00 Dubai,,
2023-06-07T20:50:00+04:00 Dubai,,
2023-06-07T20:55:00+04:00 Dubai,,
2023-06-07T21:00:00+04:00 Dubai,,
2023-06-07T21:05:00+04:00 Dubai,,
2023-06-07T21:10:00+04:00 Dubai,,
2023-06-07T21:15:00+04:00 Dubai,,
2023-06-07T21:20:00+04:00 Dubai,,
2023-06-07T21:25:00+04:00 Dubai,,
2023-06-07T21:30:00+04:00 Dubai,,
2023-06-07T21:35:00+04:00 Dubai,,
2023-06-07T21:40:00+04:00 Dubai,,
2023-06-07T21:45:00+04:00 Dubai,,
2023-06-07T21:50:00+04:00 Dubai,,
2023-06-07T21:55:00+04:00 Dubai,,
2023-06-07T22:00:00+04:00 Dubai,,
2023-06-07T22:05:00+04:00 Dubai,,
2023-06-07T22:10:00+04:00 Dubai,,
2023-06-07T22:15:00+04:00 Dubai,,
2023-06-07T22:20:00+04:00 Dubai,,
2023-06-07T22:25:00+04:00 Dubai,,
2023-06-07T22:30:00+04:00 Dubai,,
2023-06-07T22:35:00+04:00 Dubai,,
2023-06-07T22:40:00+04:00 Dubai,,
2023-06-07T22:45:00+04:00 Dubai,,
2023-06-07T22:50:00+04:00 Dubai,,
2023-06-07T22:55:00+04:00 Dubai,,
2023-06-07T23:00:00+04:00 Dubai,,
2023-06-07T23:05:00+04:00 Dubai,,
2023-06-07T23:10:00+04:00 Dubai,,
2023-06-07T23:15:00+04:00 Dubai,,
2023-06-07T23:20:00+04:00 Dubai,,
2023-06-07T23:25:00+04:00 Dubai,,
2023-06-07T23:30:00+04:00 Dubai,,
2023-06-07T23:35:00+04:00 Dubai,,
2023-06-07T23:40:00+04:00 Dubai,,
2023-06-07T23:45:00+04:00 Dubai,,
2023-06-07T23:50:00+04:00 Dubai,,
2023-06-07T23:55:00+04:00 Dubai,,
2023-06-08T00:00:00+04:00 Dubai,,
2023-06-08T00:05:00+04:00 Dubai,,
2023-06-08T00:10:00+04:00 Dubai,,
2023-06-08T00:15:00+04:00 Dubai,,
2023-06-08T00:20:00+04:00 Dubai,,
2023-06-08T00:25:00+04:00 Dubai,,
2023-06-08T00:30:00+04:00 Dubai,,
2023-06-08T00:35:00+04:00 Dubai,,
2023-06-08T00:40:00+04:00 Dubai,,
2023-06-08T00:45:00+04:00 Dubai,,
2023-06-08T00:50:00+04:00 Dubai,,
2023-06-08T00:55:00+04:00 Dubai,,
2023-06-08T01:00:00+04:00 Dubai,,
2023-06-08T01:05:00+04:00 Dubai,,
2023-06-08T01:10:00+04:00 Dubai,,
2023-06-08T01:15:00+04:00 Dubai,,
2023-06-08T01:20:00+04:00 Dubai,,
2023-06-08T01:25:00+04:00 Dubai,,
2023-06-08T01:30:00+04:00 Dubai,,
2023-06-08T01:35:00+04:00 Dubai,,
2023-06-08T01:40:00+04:00 Dubai,,
2023-06-08T01:45:00+04:00 Dubai,,
2023-06-08T01:50:00+04:00 Dubai,,
2023-06-08T01:55:00+04:00 Dubai,,
2023-06-08T02:00:00+04:00 Dubai,,
2023-06-08T02:05:00+04:00 Dubai,,
2023-06-08T02:10:00+04:00 Dubai,,
2023-06-08T02:15:00+04:00 Dubai,,
2023-06-08T02:20:00+04:00 Dubai,,
2023-06-08T02:25:00+04:00 Dubai,,
2023-06-08T02:30:00+04:00 Dubai,,
2023-06-08T02:35:00+04:00 Dubai,,
2023-06-08T02:40:00+04:00 Dubai,,
2023-06-08T02:45:00+04:00 Dubai,,
2023-06-08T02:50:00+04:00 Dubai,,
2023-06-08T02:55:00+04:00 Dubai,,
2023-06-08T03:00:00+04:00 Dubai,,
2023-06-08T03:05:00+04:00 Dubai,,
2023-06-08T03:10:00+04:00 Dubai,,
2023-06-08T03:15:00+04:00 Dubai,,
2023-06-08T03:20:00+04:00 Dubai,,
2023-06-08T03:25:00+04:00 Dubai,,
2023-06-08T03:30:00+04:00 Dubai,,
2023-06-08T03:35:00+04:00 Dubai,,
2023-06-08T03:40:00+04:00 Dubai,,
2023-06-08T03:45:00+04:00 Dubai,,
2023-06-08T03:50:00+04:00 Dubai,,
2023-06-08T03:55:00+04:00 Dubai,,
2023-06-08T04:00:00+04:00 Dubai,,
2023-06-08T04:05:00+04:00 Dubai,,
2023-06-08T04:10:00+04:00 Dubai,,
2023-06-08T04:15:00+04:00 Dubai,,
2023-06-08T04:20:00+04:00 Dubai,,
2023-06-08T04:25:00+04:00 Dubai,,
2023-06-08T04:30:00+04:00 Dubai,,
2023-06-08T04:35:00+04:00 Dubai,,
2023-06-08T04:40:00+04:00 Dubai,,
2023-06-08T04:45:00+04:00 Dubai,,
2023-06-08T04:50:00+04:00 Dubai,,
2023-06-08T04:55:00+04:00 Dubai,,
2023-06-08T05:00:00+04:00 Dubai,,
2023-06-08T05:05:00+04:00 Dubai,,
2023-06-08T05:10:00+04:00 Dubai,,
2023-06-08T05:15:00+04:00 Dubai,,
2023-06-08T05:20:00+04:00 Dubai,,
2023-06-08T05:25:00+04:00 Dubai,,
2023-06-08T05:30:00+04:00 Dubai,,
2023-06-08T05:35:00+04:00 Dubai,,
2023-06-08T05:40:00+04:00 Dubai,,
2023-06-08T05:45:00+04:00 Dubai,,
2023-06-08T05:50:00+04:00 Dubai,,
2023-06-08T05:55:00+04:00 Dubai,,
2023-06-08T06:00:00+04:00 Dubai,,
2023-06-08T06:05:00+04:00 Dubai,,
2023-06-08T06:10:00+04:00 Dubai,,
2023-06-08T06:15:00+04:00 Dubai,,
2023-06-08T06:20:00+04:00 Dubai,,
2023-06-08T06:25:00+04:00 Dubai,,
2023-06-08T06:30:00+04:00 Dubai,,
2023-06-08T06:35:00+04:00 Dubai,,
2023-06-08T06:40:00+04:00 Dubai,,
2023-06-08T06:45:00+04:00 Dubai,,
2023-06-08T06:50:00+04:00 Dubai,,
2023-06-08T06:55:00+04:00 Dubai,,
2023-06-08T07:00:00+04:00 Dubai,,
2023-06-08T07:05:00+04:00 Dubai,,
2023-06-08T07:10:00+04:00 Dubai,,
2023-06-08T07:15:00+04:00 Dubai,,
2023-06-08T07:20:00+04:00 Dubai,,
2023-06-08T07:25:00+04:00 Dubai,,
2023-06-08T07:30:00+04:00 Dubai,,
2023-06-08T07:35:00+04:00 Dubai,,
2023-06-08T07:40:00+04:00 Dubai,,
2023-06-08T07:45:00+04:00 Dubai,,
2023-06-08T07:50:00+04:00 Dubai,,
2023-06-08T07:55:00+04:00 Dubai,,
2023-06-08T08:00:00+04:00 Dubai,,
2023-06-08T08:05:00+04:00 Dubai,,
2023-06-08T08:10:00+04:00 Dubai,,
2023-06-08T08:15:00+04:00 Dubai,,
2023-06-08T08:20:00+04:00 Dubai,,
2023-06-08T08:25:00+04:00 Dubai,,
2023-06-08T08:30:00+04:00 Dubai,,
2023-06-08T08:35:00+04:00 Dubai,,
2023-06-08T08:40:00+04:00 Dubai,,
2023-06-08T08:45:00+04:00 Dubai,,
2023-06-08T08:50:00+04:00 Dubai,,
2023-06-08T08:55:00+04:00 Dubai,,
2023-06-08T09:00:00+04:00 Dubai,,
2023-06-08T09:05:00+04:00 Dubai,,
2023-06-08T09:10:00+04:00 Dubai,,
2023-06-08T09:15:00+04:00 Dubai,,
2023-06-08T09:20:00+04:00 Dubai,,
2023-06-08T09:25:00+04:00 Dubai,,
2023-06-08T09:30:00+04:00 Dubai,,
2023-06-08T09:35:00+04:00 Dubai,,
2023-06-08T09:40:00+04:00 Dubai,,
2023-06-08T09:45:00+04:00 Dubai,,
2023-06-08T09:50:00+04:00 Dubai,,
2023-06-08T09:55:00+04:00 Dubai,,
2023-06-08T10:00:00+04:00 Dubai,,
2023-06-08T10:05:00+04:00 Dubai,,
2023-06-08T10:10:00+04:00 Dubai,,
2023-06-08T10:15:00+04:00 Dubai,,
2023-06-08T10:20:00+04:00 Dubai,,
2023-06-08T10:25:00+04:00 Dubai,,
2023-06-08T10:30:00+04:00 Dubai,,
2023-06-08T10:35:00+04:00 Dubai,,
2023-06-08T10:40:00+04:00 Dubai,,
2023-06-08T10:45:00+04:00 Dubai,,
2023-06-08T10:50:00+04:00 Dubai,,
2023-06-08T10:55:00+04:00 Dubai,,
2023-06-08T11:00:00+04:00 Dubai,,
2023-06-08T11:05:00+04:00 Dubai,,
2023-06-08T11:10:00+04:00 Dubai,,
2023-06-08T11:15:00+04:00 Dubai,,
2023-06-08T11:20:00+04:00 Dubai,,
2023-06-08T11:25:00+04:00 Dubai,,
2023-06-08T11:30:00+04:00 Dubai,,
2023-06-08T11:35:00+04:00 Dubai,,
2023-06-08T11:40:00+04:00 Dubai,,
2023-06-08T11:45:00+04:00 Dubai,,
2023-06-08T11:50:00+04:00 Dubai,,
2023-06-08T11:55:00+04:00 Dubai,,
2023-06-08T12:00:00+04:00 Dubai,,
2023-06-08T12:05:00+04:00 Dubai,,
2023-06-08T12:10:00+04:00 Dubai,,
2023-06-08T12:15:00+04:00 Dubai,,
2023-06-08T12:20:00+04:00 Dubai,,
2023-06-08T12:25:00+04:00 Dubai,,
2023-06-08T12:30:00+04:00 Dubai,,
2023-06-08T12:35:00+04:00 Dubai,,
2023-06-08T12:40:00+04:00 Dubai,,
2023-06-08T12:45:00+04:00 Dubai,,
2023-06-08T12:50:00+04:00 Dubai,,
2023-06-08T12:55:00+04:00 Dubai,,
2023-06-08T13:00:00+04:00 Dubai,,
2023-06-08T13:05:00+04:00 Dubai,,
2023-06-08T13:10:00+04:00 Dubai,,
2023-06-08T13:15:00+04:00 Dubai,,
2023-06-08T13:20:00+04:00 Dubai,,
2023-06-08T13:25:00+04:00 Dubai,,
2023-06-08T13:30:00+04:00 Dubai,,
2023-06-08T13:35:00+04:00 Dubai,,
2023-06-08T13:40:00+04:00 Dubai,,
2023-06-08T13:45:00+04:00 Dubai,,
2023-06-08T13:50:00+04:00 Dubai,,
2023-06-08T13:55:00+04:00 Dubai,,
2023-06-08T14:00:00+04:00 Dubai,,
2023-06-08T14:05:00+04:00 Dubai,,
2023-06-08T14:10:00+04:00 Dubai,,
2023-06-08T14:15:00+04:00 Dubai,,
2023-06-08T14:20:00+04:00 Dubai,,
2023-06-08T14:25:00+04:00 Dubai,,
2023-06-08T14:30:00+04:00 Dubai,,
2023-06-08T14:35:00+04:00 Dubai,,
2023-06-08T14:40:00+04:00 Dubai,,
2023-06-08T14:45:00+04:00 Dubai,,
2023-06-08T14:50:00+04:00 Dubai,,
2023-06-08T14:55:00+04:00 Dubai,,
2023-06-08T15:00:00+04:00 Dubai,,
2023-06-08T15:05:00+04:00 Dubai,,
2023-06-08T15:10:00+04:00 Dubai,,
2023-06-08T15:15:00+04:00 Dubai,,
2023-06-08T15:20:00+04:00 Dubai,,
2023-06-08T15:25:00+04:00 Dubai,,
2023-06-08T15:30:00+04:00 Dubai,,
2023-06-08T15:35:00+04:00 Dubai,,
2023-06-08T15:40:00+04:00 Dubai,,
2023-06-08T15:45:00+04:00 Dubai,,
2023-06-08T15:50:00+04:00 Dubai,,
2023-06-08T15:55:00+04:00 Dubai,,
2023-06-08T16:00:00+04:00 Dubai,,
2023-06-08T16:05:00+04:00 Dubai,,
2023-06-08T16:10:00+04:00 Dubai,,
2023-06-08T16:15:00+04:00 Dubai,,
2023-06-08T16:20:00+04:00 Dubai,,
2023-06-08T16:25:00+04:00 Dubai,,
2023-06-08T16:30:00+04:00 Dubai,,
2023-06-08T16:35:00+04:00 Dubai,,
2023-06-08T16:40:00+04:00 Dubai,,
2023-06-08T16:45:00+04:00 Dubai,,
2023-06-08T16:50:00+04:00 Dubai,,
2023-06-08T16:55:00+04:00 Dubai,,
2023-06-08T17:00:00+04:00 Dubai,,
2023-06-08T17:05:00+04:00 Dubai,,
2023-06-08T17:10:00+04:00 Dubai,,
2023-06-08T17:15:00+04:00 Dubai,,
2023-06-08T17:20:00+04:00 Dubai,,
2023-06-08T17:25:00+04:00 Dubai,,
2023-06-08T17:30:00+04:00 Dubai,,
2023-06-08T17:35:00+04:00 Dubai,,
2023-06-08T17:40:00+04:00 Dubai,,
2023-06-08T17:45:00+04:00 Dubai,,
2023-06-08T17:50:00+04:00 Dubai,,
2023-06-08T17:55:00+04:00 Dubai,,
2023-06-08T18:00:00+04:00 Dubai,,
2023-06-08T18:05:00+04:00 Dubai,,
2023-06-08T18:10:00+04:00 Dubai,,
2023-06-08T18:15:00+04:00 Dubai,,
2023-06-08T18:20:00+04:00 Dubai,,
2023-06-08T18:25:00+04:00 Dubai,,
2023-06-08T18:30:00+04:00 Dubai,,
2023-06-08T18:35:00+04:00 Dubai,,
2023-06-08T18:40:00+04:00 Dubai,,
2023-06-08T18:45:00+04:00 Dubai,,
2023-06-08T18:50:00+04:00 Dubai,,
2023-06-08T18:55:00+04:00 Dubai,,
2023-06-08T19:00:00+04:00 Dubai,,
2023-06-08T19:05:00+04:00 Dubai,,
2023-06-08T19:10:00+04:00 Dubai,,
2023-06-08T19:15:00+04:00 Dubai,,
2023-06-08T19:20:00+04:00 Dubai,,
2023-06-08T19:25:00+04:00 Dubai,,
2023-06-08T19:30:00+04:00 Dubai,,
2023-06-08T19:35:00+04:00 Dubai,,
2023-06-08T19:40:00+04:00 Dubai,,
2023-06-08T19:45:00+04:00 Dubai,,
2023-06-08T19:50:00+04:00 Dubai,,
2023-06-08T19:55:00+04:00 Dubai,,
2023-06-08T20:00:00+04:00 Dubai,,
2023-06-08T20:05:00+04:00 Dubai,,
2023-06-08T20:10:00+04:00 Dubai,,
2023-06-08T20:15:00+04:00 Dubai,,
2023-06-08T20:20:00+04:00 Dubai,,
2023-06-08T20:25:00+04:00 Dubai,,
2023-06-08T20:30:00+04:00 Dubai,,
2023-06-08T20:35:00+04:00 Dubai,,
2023-06-08T20:40:00+04:00 Dubai,,
2023-06-08T20:45:00+04:00 Dubai,,
2023-06-08T20:50:00+04:00 Dubai,,
2023-06-08T20:55:00+04:00 Dubai,,
2023-06-08T21:00:00+04:00 Dubai,,
2023-06-08T21:05:00+04:00 Dubai,,
2023-06-08T21:10:00+04:00 Dubai,,
2023-06-08T21:15:00+04:00 Dubai,,
2023-06-08T21:20:00+04:00 Dubai,,
2023-06-08T21:25:00+04:00 Dubai,,
2023-06-08T21:30:00+04:00 Dubai,,
2023-06-08T21:35:00+04:00 Dubai,,
2023-06-08T21:40:00+04:00 Dubai,,
2023-06-08T21:45:00+04:00 Dubai,,
2023-06-08T21:50:00+04:00 Dubai,,
2023-06-08T21:55:00+04:00 Dubai,,
2023-06-08T22:00:00+04:00 Dubai,,
2023-06-08T22:05:00+04:00 Dubai,,
2023-06-08T22:10:00+04:00 Dubai,,
2023-06-08T22:15:00+04:00 Dubai,,
2023-06-08T22:20:00+04:00 Dubai,,
2023-06-08T22:25:00+04:00 Dubai,,
2023-06-08T22:30:00+04:00 Dubai,,
2023-06-08T22:35:00+04:00 Dubai,,
2023-06-08T22:40:00+04:00 Dubai,,
2023-06-08T22:45:00+04:00 Dubai,,
2023-06-08T22:50:00+04:00 Dubai,,
2023-06-08T22:55:00+04:00 Dubai,,
2023-06-08T23:00:00+04:00 Dubai,,
2023-06-08T23:05:00+04:00 Dubai,,
2023-06-08T23:10:00+04:00 Dubai,,
2023-06-08T23:15:00+04:00 Dubai,,
2023-06-08T23:20:00+04:00 Dubai,,
2023-06-08T23:25:00+04:00 Dubai,,
2023-06-08T23:30:00+04:00 Dubai,,
2023-06-08T23:35:00+04:00 Dubai,,
2023-06-08T23:40:00+04:00 Dubai,,
2023-06-08T23:45:00+04:00 Dubai,,
2023-06-08T23:50:00+04:00 Dubai,,
2023-06-08T23:55:00+04:00 Dubai,,
2023-06-09T00:00:00+04:00 Dubai,,
2023-06-09T00:05:00+04:00 Dubai,,
2023-06-09T00:10:00+04:00 Dubai,,
2023-06-09T00:15:00+04:00 Dubai,,
2023-06-09T00:20:00+04:00 Dubai,,
2023-06-09T00:25:00+04:00 Dubai,,
2023-06-09T00:30:00+04:00 Dubai,,
2023-06-09T00:35:00+04:00 Dubai,,
2023-06-09T00:40:00+04:00 Dubai,,
2023-06-09T00:45:00+04:00 Dubai,,
2023-06-09T00:50:00+04:00 Dubai,,
2023-06-09T00:55:00+04:00 Dubai,,
2023-06-09T01:00:00+04:00 Dubai,,
2023-06-09T01:05:00+04:00 Dubai,,
2023-06-09T01:10:00+04:00 Dubai,,
2023-06-09T01:15:00+04:00 Dubai,,
2023-06-09T01:20:00+04:00 Dubai,,
2023-06-09T01:25:00+04:00 Dubai,,
2023-06-09T01:30:00+04:00 Dubai,,
2023-06-09T01:35:00+04:00 Dubai,,
2023-06-09T01:40:00+04:00 Dubai,,
2023-06-09T01:45:00+04:00 Dubai,,
2023-06-09T01:50:00+04:00 Dubai,,
2023-06-09T01:55:00+04:00 Dubai,,
2023-06-09T02:00:00+04:00 Dubai,,
2023-06-09T02:05:00+04:00 Dubai,,
2023-06-09T02:10:00+04:00 Dubai,,
2023-06-09T02:15:00+04:00 Dubai,,
2023-06-09T02:20:00+04:00 Dubai,,
2023-06-09T02:25:00+04:00 Dubai,,
2023-06-09T02:30:00+04:00 Dubai,,
2023-06-09T02:35:00+04:00 Dubai,,
2023-06-09T02:40:00+04:00 Dubai,,
2023-06-09T02:45:00+04:00 Dubai,,
2023-06-09T02:50:00+04:00 Dubai,,
2023-06-09T02:55:00+04:00 Dubai,,
2023-06-09T03:00:00+04:00 Dubai,,
2023-06-09T03:05:00+04:00 Dubai,,
2023-06-09T03:10:00+04:00 Dubai,,
2023-06-09T03:15:00+04:00 Dubai,,
2023-06-09T03:20:00+04:00 Dubai,,
2023-06-09T03:25:00+04:00 Dubai,,
2023-06-09T03:30:00+04:00 Dubai,,
2023-06-09T03:35:00+04:00 Dubai,,
2023-06-09T03:40:00+04:00 Dubai,,
2023-06-09T03:45:00+04:00 Dubai,,
2023-06-09T03:50:00+04:00 Dubai,,
2023-06-09T03:55:00+04:00 Dubai,,
2023-06-09T04:00:00+04:00 Dubai,,
2023-06-09T04:05:00+04:00 Dubai,,
2023-06-09T04:10:00+04:00 Dubai,,
2023-06-09T04:15:00+04:00 Dubai,,
2023-06-09T04:20:00+04:00 Dubai,,
2023-06-09T04:25:00+04:00 Dubai,,
2023-06-09T04:30:00+04:00 Dubai,,
2023-06-09T04:35:00+04:00 Dubai,,
2023-06-09T04:40:00+04:00 Dubai,,
2023-06-09T04:45:00+04:00 Dubai,,
2023-06-09T04:50:00+04:00 Dubai,,
2023-06-09T04:55:00+04:00 Dubai,,
2023-06-09T05:00:00+04:00 Dubai,,
2023-06-09T05:05:00+04:00 Dubai,,
2023-06-09T05:10:00+04:00 Dubai,,
2023-06-09T05:15:00+04:00 Dubai,,
2023-06-09T05:20:00+04:00 Dubai,,
2023-06-09T05:25:00+04:00 Dubai,,
2023-06-09T05:30:00+04:00 Dubai,,
2023-06-09T05:35:00+04:00 Dubai,,
2023-06-09T05:40:00+04:00 Dubai,,
2023-06-09T05:45:00+04:00 Dubai,,
2023-06-09T05:50:00+04:00 Dubai,,
2023-06-09T05:55:00+04:00 Dubai,,
2023-06-09T06:00:00+04:00 Dubai,,
2023-06-09T06:05:00+04:00 Dubai,,
2023-06-09T06:10:00+04:00 Dubai,,
2023-06-09T06:15:00+04:00 Dubai,,
2023-06-09T06:20:00+04:00 Dubai,,
2023-06-09T06:25:00+04:00 Dubai,,
2023-06-09T06:30:00+04:00 Dubai,,
2023-06-09T06:35:00+04:00 Dubai,,
2023-06-09T06:40:00+04:00 Dubai,,
2023-06-09T06:45:00+04:00 Dubai,,
2023-06-09T06:50:00+04:00 Dubai,,
2023-06-09T06:55:00+04:00 Dubai,,
2023-06-09T07:00:00+04:00 Dubai,,
2023-06-09T07:05:00+04:00 Dubai,,
2023-06-09T07:10:00+04:00 Dubai,,
2023-06-09T07:15:00+04:00 Dubai,,
2023-06-09T07:20:00+04:00 Dubai,,
2023-06-09T07:25:00+04:00 Dubai,,
2023-06-09T07:30:00+04:00 Dubai,,
2023-06-09T07:35:00+04:00 Dubai,,
2023-06-09T07:40:00+04:00 Dubai,,
2023-06-09T07:45:00+04:00 Dubai,,
2023-06-09T07:50:00+04:00 Dubai,,
2023-06-09T07:55:00+04:00 Dubai,,
2023-06-09T08:00:00+04:00 Dubai,,
2023-06-09T08:05:00+04:00 Dubai,,
2023-06-09T08:10:00+04:00 Dubai,,
2023-06-09T08:15:00+04:00 Dubai,,
2023-06-09T08:20:00+04:00 Dubai,,
2023-06-09T08:25:00+04:00 Dubai,,
2023-06-09T08:30:00+04:00 Dubai,,
2023-06-09T08:35:00+04:00 Dubai,,
2023-06-09T08:40:00+04:00 Dubai,,
2023-06-09T08:45:00+04:00 Dubai,,
2023-06-09T08:50:00+04:00 Dubai,,
2023-06-09T08:55:00+04:00 Dubai,,
2023-06-09T09:00:00+04:00 Dubai,,
2023-06-09T09:05:00+04:00 Dubai,,
2023-06-09T09:10:00+04:00 Dubai,,
2023-06-09T09:15:00+04:00 Dubai,,
2023-06-09T09:20:00+04:00 Dubai,,
2023-06-09T09:25:00+04:00 Dubai,,
2023-06-09T09:30:00+04:00 Dubai,,
2023-06-09T09:35:00+04:00 Dubai,,
2023-06-09T09:40:00+04:00 Dubai,,
2023-06-09T09:45:00+04:00 Dubai,,
2023-06-09T09:50:00+04:00 Dubai,,
2023-06-09T09:55:00+04:00 Dubai,,
2023-06-09T10:00:00+04:00 Dubai,,
2023-06-09T10:05:00+04:00 Dubai,,
2023-06-09T10:10:00+04:00 Dubai,,
2023-06-09T10:15:00+04:00 Dubai,,
2023-06-09T10:20:00+04:00 Dubai,,
2023-06-09T10:25:00+04:00 Dubai,,
2023-06-09T10:30:00+04:00 Dubai,,
2023-06-09T10:35:00+04:00 Dubai,,
2023-06-09T10:40:00+04:00 Dubai,,
2023-06-09T10:45:00+04:00 Dubai,,
2023-06-09T10:50:00+04:00 Dubai,,
2023-06-09T10:55:00+04:00 Dubai,,
2023-06-09T11:00:00+04:00 Dubai,,
2023-06-09T11:05:00+04:00 Dubai,,
2023-06-09T11:10:00+04:00 Dubai,,
2023-06-09T11:15:00+04:00 Dubai,,
2023-06-09T11:20:00+04:00 Dubai,,
2023-06-09T11:25:00+04:00 Dubai,,
2023-06-09T11:30:00+04:00 Dubai,,
2023-06-09T11:35:00+04:00 Dubai,,
2023-06-09T11:40:00+04:00 Dubai,,
2023-06-09T11:45:00+04:00 Dubai,,
2023-06-09T11:50:00+04:00 Dubai,,
2023-06-09T11:55:00+04:00 Dubai,,
2023-06-09T12:00:00+04:00 Dubai,,
2023-06-09T12:05:00+04:00 Dubai,,
2023-06-09T12:10:00+04:00 Dubai,,
2023-06-09T12:15:00+04:00 Dubai,,
2023-06-09T12:20:00+04:00 Dubai,,
2023-06-09T12:25:00+04:00 Dubai,,
2023-06-09T12:30:00+04:00 Dubai,,
2023-06-09T12:35:00+04:00 Dubai,,
2023-06-09T12:40:00+04:00 Dubai,,
2023-06-09T12:45:00+04:00 Dubai,,
2023-06-09T12:50:00+04:00 Dubai,,
2023-06-09T12:55:00+04:00 Dubai,,
2023-06-09T13:00:00+04:00 Dubai,,
2023-06-09T13:05:00+04:00 Dubai,,
2023-06-09T13:10:00+04:00 Dubai,,
2023-06-09T13:15:00+04:00 Dubai,,
2023-06-09T13:20:00+04:00 Dubai,,
2023-06-09T13:25:00+04:00 Dubai,,
2023-06-09T13:30:00+04:00 Dubai,,
2023-06-09T13:35:00+04:00 Dubai,,
2023-06-09T13:40:00+04:00 Dubai,,
2023-06-09T13:45:00+04:00 Dubai,,
2023-06-09T13:50:00+04:00 Dubai,,
2023-06-09T13:55:00+04:00 Dubai,,
2023-06-09T14:00:00+04:00 Dubai,,
2023-06-09T14:05:00+04:00 Dubai,,
2023-06-09T14:10:00+04:00 Dubai,,
2023-06-09T14:15:00+04:00 Dubai,,
2023-06-09T14:20:00+04:00 Dubai,,
2023-06-09T14:25:00+04:00 Dubai,,
2023-06-09T14:30:00+04:00 Dubai,,
2023-06-09T14:35:00+04:00 Dubai,,
2023-06-09T14:40:00+04:00 Dubai,,
2023-06-09T14:45:00+04:00 Dubai,,
2023-06-09T14:50:00+04:00 Dubai,,
2023-06-09T14:55:00+04:00 Dubai,,
2023-06-09T15:00:00+04:00 Dubai,,
2023-06-09T15:05:00+04:00 Dubai,,
2023-06-09T15:10:00+04:00 Dubai,,
2023-06-09T15:15:00+04:00 Dubai,,
2023-06-09T15:20:00+04:00 Dubai,,
2023-06-09T15:25:00+04:00 Dubai,,
2023-06-09T15:30:00+04:00 Dubai,,
2023-06-09T15:35:00+04:00 Dubai,,
2023-06-09T15:40:00+04:00 Dubai,,
2023-06-09T15:45:00+04:00 Dubai,,
2023-06-09T15:50:00+04:00 Dubai,,
2023-06-09T15:55:00+04:00 Dubai,,
2023-06-09T16:00:00+04:00 Dubai,,
2023-06-09T16:05:00+04:00 Dubai,,
2023-06-09T16:10:00+04:00 Dubai,,
2023-06-09T16:15:00+04:00 Dubai,,
2023-06-09T16:20:00+04:00 Dubai,,
2023-06-09T16:25:00+04:00 Dubai,,
2023-06-09T16:30:00+04:00 Dubai,,
2023-06-09T16:35:00+04:00 Dubai,,
2023-06-09T16:40:00+04:00 Dubai,,
2023-06-09T16:45:00+04:00 Dubai,,
2023-06-09T16:50:00+04:00 Dubai,,
2023-06-09T16:55:00+04:00 Dubai,,
2023-06-09T17:00:00+04:00 Dubai,,
2023-06-09T17:05:00+04:00 Dubai,,
2023-06-09T17:10:00+04:00 Dubai,,
2023-06-09T17:15:00+04:00 Dubai,,
2023-06-09T17:20:00+04:00 Dubai,,
2023-06-09T17:25:00+04:00 Dubai,,
2023-06-09T17:30:00+04:00 Dubai,,
2023-06-09T17:35:00+04:00 Dubai,,
2023-06-09T17:40:00+04:00 Dubai,,
2023-06-09T17:45:00+04:00 Dubai,,
2023-06-09T17:50:00+04:00 Dubai,,
2023-06-09T17:55:00+04:00 Dubai,,
2023-06-09T18:00:00+04:00 Dubai,,
2023-06-09T18:05:00+04:00 Dubai,,
2023-06-09T18:10:00+04:00 Dubai,,
2023-06-09T18:15:00+04:00 Dubai,,
2023-06-09T18:20:00+04:00 Dubai,,
2023-06-09T18:25:00+04:00 Dubai,,
2023-06-09T18:30:00+04:00 Dubai,,
2023-06-09T18:35:00+04:00 Dubai,,
2023-06-09T18:40:00+04:00 Dubai,,
2023-06-09T18:45:00+04:00 Dubai,,
2023-06-09T18:50:00+04:00 Dubai,,
2023-06-09T18:55:00+04:00 Dubai,,
2023-06-09T19:00:00+04:00 Dubai,,
2023-06-09T19:05:00+04:00 Dubai,,
2023-06-09T19:10:00+04:00 Dubai,,
2023-06-09T19:15:00+04:00 Dubai,,
2023-06-09T19:20:00+04:00 Dubai,,
2023-06-09T19:25:00+04:00 Dubai,,
2023-06-09T19:30:00+04:00 Dubai,,
2023-06-09T19:35:00+04:00 Dubai,,
2023-06-09T19:40:00+04:00 Dubai,,
2023-06-09T19:45:00+04:00 Dubai,,
2023-06-09T19:50:00+04:00 Dubai,,
2023-06-09T19:55:00+04:00 Dubai,,
2023-06-09T20:00:00+04:00 Dubai,,
2023-06-09T20:05:00+04:00 Dubai,,
2023-06-09T20:10:00+04:00 Dubai,,
2023-06-09T20:15:00+04:00 Dubai,,
2023-06-09T20:20:00+04:00 Dubai,,
2023-06-09T20:25:00+04:00 Dubai,,
2023-06-09T20:30:00+04:00 Dubai,,
2023-06-09T20:35:00+04:00 Dubai,,
2023-06-09T20:40:00+04:00 Dubai,,
2023-06-09T20:45:00+04:00 Dubai,,
2023-06-09T20:50:00+04:00 Dubai,,
2023-06-09T20:55:00+04:00 Dubai,,
2023-06-09T21:00:00+04:00 Dubai,,
2023-06-09T21:05:00+04:00 Dubai,,
2023-06-09T21:10:00+04:00 Dubai,,
2023-06-09T21:15:00+04:00 Dubai,,
2023-06-09T21:20:00+04:00 Dubai,,
2023-06-09T21:25:00+04:00 Dubai,,
2023-06-09T21:30:00+04:00 Dubai,,
2023-06-09T21:35:00+04:00 Dubai,,
2023-06-09T21:40:00+04:00 Dubai,,
2023-06-09T21:45:00+04:00 Dubai,,
2023-06-09T21:50:00+04:00 Dubai,,
2023-06-09T21:55:00+04:00 Dubai,,
2023-06-09T22:00:00+04:00 Dubai,,
2023-06-09T22:05:00+04:00 Dubai,,
2023-06-09T22:10:00+04:00 Dubai,,
2023-06-09T22:15:00+04:00 Dubai,,
2023-06-09T22:20:00+04:00 Dubai,,
2023-06-09T22:25:00+04:00 Dubai,,
2023-06-09T22:30:00+04:00 Dubai,,
2023-06-09T22:35:00+04:00 Dubai,,
2023-06-09T22:40:00+04:00 Dubai,,
2023-06-09T22:45:00+04:00 Dubai,,
2023-06-09T22:50:00+04:00 Dubai,,
2023-06-09T22:55:00+04:00 Dubai,,
2023-06-09T23:00:00+04:00 Dubai,,
2023-06-09T23:05:00+04:00 Dubai,,
2023-06-09T23:10:00+04:00 Dubai,,
2023-06-09T23:15:00+04:00 Dubai,,
2023-06-09T23:20:00+04:00 Dubai,,
2023-06-09T23:25:00+04:00 Dubai,,
2023-06-09T23:30:00+04:00 Dubai,,
2023-06-09T23:35:00+04:00 Dubai,,
2023-06-09T23:40:00+04:00 Dubai,,
2023-06-09T23:45:00+04:00 Dubai,,
2023-06-09T23:50:00+04:00 Dubai,,
2023-06-09T23:55:00+04:00 Dubai,,
2023-06-10T00:00:00+04:00 Dubai,,
2023-06-10T00:05:00+04:00 Dubai,,
2023-06-10T00:10:00+04:00 Dubai,,
2023-06-10T00:15:00+04:00 Dubai,,
2023-06-10T00:20:00+04:00 Dubai,,
2023-06-10T00:25:00+04:00 Dubai,,
2023-06-10T00:30:00+04:00 Dubai,,
2023-06-10T00:35:00+04:00 Dubai,,
2023-06-10T00:40:00+04:00 Dubai,,
2023-06-10T00:45:00+04:00 Dubai,,
2023-06-10T00:50:00+04:00 Dubai,,
2023-06-10T00:55:00+04:00 Dubai,,
2023-06-10T01:00:00+04:00 Dubai,,
2023-06-10T01:05:00+04:00 Dubai,,
2023-06-10T01:10:00+04:00 Dubai,,
2023-06-10T01:15:00+04:00 Dubai,,
2023-06-10T01:20:00+04:00 Dubai,,
2023-06-10T01:25:00+04:00 Dubai,,
2023-06-10T01:30:00+04:00 Dubai,,
2023-06-10T01:35:00+04:00 Dubai,,
2023-06-10T01:40:00+04:00 Dubai,,
2023-06-10T01:45:00+04:00 Dubai,,
2023-06-10T01:50:00+04:00 Dubai,,
2023-06-10T01:55:00+04:00 Dubai,,
2023-06-10T02:00:00+04:00 Dubai,,
2023-06-10T02:05:00+04:00 Dubai,,
2023-06-10T02:10:00+04:00 Dubai,,
2023-06-10T02:15:00+04:00 Dubai,,
2023-06-10T02:20:00+04:00 Dubai,,
2023-06-10T02:25:00+04:00 Dubai,,
2023-06-10T02:30:00+04:00 Dubai,,
2023-06-10T02:35:00+04:00 Dubai,,
2023-06-10T02:40:00+04:00 Dubai,,
2023-06-10T02:45:00+04:00 Dubai,,
2023-06-10T02:50:00+04:00 Dubai,,
2023-06-10T02:55:00+04:00 Dubai,,
2023-06-10T03:00:00+04:00 Dubai,,
2023-06-10T03:05:00+04:00 Dubai,,
2023-06-10T03:10:00+04:00 Dubai,,
2023-06-10T03:15:00+04:00 Dubai,,
2023-06-10T03:20:00+04:00 Dubai,,
2023-06-10T03:25:00+04:00 Dubai,,
2023-06-10T03:30:00+04:00 Dubai,,
2023-06-10T03:35:00+04:00 Dubai,,
2023-06-10T03:40:00+04:00 Dubai,,
2023-06-10T03:45:00+04:00 Dubai,,
2023-06-10T03:50:00+04:00 Dubai,,
2023-06-10T03:55:00+04:00 Dubai,,
2023-06-10T04:00:00+04:00 Dubai,,
2023-06-10T04:05:00+04:00 Dubai,,
2023-06-10T04:10:00+04:00 Dubai,,
2023-06-10T04:15:00+04:00 Dubai,,
2023-06-10T04:20:00+04:00 Dubai,,
2023-06-10T04:25:00+04:00 Dubai,,
2023-06-10T04:30:00+04:00 Dubai,,
2023-06-10T04:35:00+04:00 Dubai,,
2023-06-10T04:40:00+04:00 Dubai,,
2023-06-10T04:45:00+04:00 Dubai,,
2023-06-10T04:50:00+04:00 Dubai,,
2023-06-10T04:55:00+04:00 Dubai,,
2023-06-10T05:00:00+04:00 Dubai,,
2023-06-10T05:05:00+04:00 Dubai,,
2023-06-10T05:10:00+04:00 Dubai,,
2023-06-10T05:15:00+04:00 Dubai,,
2023-06-10T05:20:00+04:00 Dubai,,
2023-06-10T05:25:00+04:00 Dubai,,
2023-06-10T05:30:00+04:00 Dubai,,
2023-06-10T05:35:00+04:00 Dubai,,
2023-06-10T05:40:00+04:00 Dubai,,
2023-06-10T05:45:00+04:00 Dubai,,
2023-06-10T05:50:00+04:00 Dubai,,
2023-06-10T05:55:00+04:00 Dubai,,
2023-06-10T06:00:00+04:00 Dubai,,
2023-06-10T06:05:00+04:00 Dubai,,
2023-06-10T06:10:00+04:00 Dubai,,
2023-06-10T06:15:00+04:00 Dubai,,
2023-06-10T06:20:00+04:00 Dubai,,
2023-06-10T06:25:00+04:00 Dubai,,
2023-06-10T06:30:00+04:00 Dubai,,
2023-06-10T06:35:00+04:00 Dubai,,
2023-06-10T06:40:00+04:00 Dubai,,
2023-06-10T06:45:00+04:00 Dubai,,
2023-06-10T06:50:00+04:00 Dubai,,
2023-06-10T06:55:00+04:00 Dubai,,
2023-06-10T07:00:00+04:00 Dubai,,
2023-06-10T07:05:00+04:00 Dubai,,
2023-06-10T07:10:00+04:00 Dubai,,
2023-06-10T07:15:00+04:00 Dubai,,
2023-06-10T07:20:00+04:00 Dubai,,
2023-06-10T07:25:00+04:00 Dubai,,
2023-06-10T07:30:00+04:00 Dubai,,
2023-06-10T07:35:00+04:00 Dubai,,
2023-06-10T07:40:00+04:00 Dubai,,
2023-06-10T07:45:00+04:00 Dubai,,
2023-06-10T07:50:00+04:00 Dubai,,
2023-06-10T07:55:00+04:00 Dubai,,
2023-06-10T08:00:00+04:00 Dubai,,
2023-06-10T08:05:00+04:00 Dubai,,
2023-06-10T08:10:00+04:00 Dubai,,
2023-06-10T08:15:00+04:00 Dubai,,
2023-06-10T08:20:00+04:00 Dubai,,
2023-06-10T08:25:00+04:00 Dubai,,
2023-06-10T08:30:00+04:00 Dubai,,
2023-06-10T08:35:00+04:00 Dubai,,
2023-06-10T08:40:00+04:00 Dubai,,
2023-06-10T08:45:00+04:00 Dubai,,
2023-06-10T08:50:00+04:00 Dubai,,
2023-06-10T08:55:00+04:00 Dubai,,
2023-06-10T09:00:00+04:00 Dubai,,
2023-06-10T09:05:00+04:00 Dubai,,
2023-06-10T09:10:00+04:00 Dubai,,
2023-06-10T09:15:00+04:00 Dubai,,
2023-06-10T09:20:00+04:00 Dubai,,
2023-06-10T09:25:00+04:00 Dubai,,
2023-06-10T09:30:00+04:00 Dubai,,
2023-06-10T09:35:00+04:00 Dubai,,
2023-06-10T09:40:00+04:00 Dubai,,
2023-06-10T09:45:00+04:00 Dubai,,
2023-06-10T09:50:00+04:00 Dubai,,
2023-06-10T09:55:00+04:00 Dubai,,
2023-06-10T10:00:00+04:00 Dubai,,
2023-06-10T10:05:00+04:00 Dubai,,
2023-06-10T10:10:00+04:00 Dubai,,
2023-06-10T10:15:00+04:00 Dubai,,
2023-06-10T10:20:00+04:00 Dubai,,
2023-06-10T10:25:00+04:00 Dubai,,
2023-06-10T10:30:00+04:00 Dubai,,
2023-06-10T10:35:00+04:00 Dubai,,
2023-06-10T10:40:00+04:00 Dubai,,
2023-06-10T10:45:00+04:00 Dubai,,
2023-06-10T10:50:00+04:00 Dubai,,
2023-06-10T10:55:00+04:00 Dubai,,
2023-06-10T11:00:00+04:00 Dubai,,
2023-06-10T11:05:00+04:00 Dubai,,
2023-06-10T11:10:00+04:00 Dubai,,
2023-06-10T11:15:00+04:00 Dubai,,
2023-06-10T11:20:00+04:00 Dubai,,
2023-06-10T11:25:00+04:00 Dubai,,
2023-06-10T11:30:00+04:00 Dubai,,
2023-06-10T11:35:00+04:00 Dubai,,
2023-06-10T11:40:00+04:00 Dubai,,
2023-06-10T11:45:00+04:00 Dubai,,
2023-06-10T11:50:00+04:00 Dubai,,
2023-06-10T11:55:00+04:00 Dubai,,
2023-06-10T12:00:00+04:00 Dubai,,
2023-06-10T12:05:00+04:00 Dubai,,
2023-06-10T12:10:00+04:00 Dubai,,
2023-06-10T12:15:00+04:00 Dubai,,
2023-06-10T12:20:00+04:00 Dubai,,
2023-06-10T12:25:00+04:00 Dubai,,
2023-06-10T12:30:00+04:00 Dubai,,
2023-06-10T12:35:00+04:00 Dubai,,
2023-06-10T12:40:00+04:00 Dubai,,
2023-06-10T12:45:00+04:00 Dubai,,
2023-06-10T12:50:00+04:00 Dubai,,
2023-06-10T12:55:00+04:00 Dubai,,
2023-06-10T13:00:00+04:00 Dubai,,
2023-06-10T13:05:00+04:00 Dubai,,
2023-06-10T13:10:00+04:00 Dubai,,
2023-06-10T13:15:00+04:00 Dubai,,
2023-06-10T13:20:00+04:00 Dubai,,
2023-06-10T13:25:00+04:00 Dubai,,
2023-06-10T13:30:00+04:00 Dubai,,
2023-06-10T13:35:00+04:00 Dubai,,
2023-06-10T13:40:00+04:00 Dubai,,
2023-06-10T13:45:00+04:00 Dubai,,
2023-06-10T13:50:00+04:00 Dubai,,
2023-06-10T13:55:00+04:00 Dubai,,
2023-06-10T14:00:00+04:00 Dubai,,
2023-06-10T14:05:00+04:00 Dubai,,
2023-06-10T14:10:00+04:00 Dubai,,
2023-06-10T14:15:00+04:00 Dubai,,
2023-06-10T14:20:00+04:00 Dubai,,
2023-06-10T14:25:00+04:00 Dubai,,
2023-06-10T14:30:00+04:00 Dubai,,
2023-06-10T14:35:00+04:00 Dubai,,
2023-06-10T14:40:00+04:00 Dubai,,
2023-06-10T14:45:00+04:00 Dubai,,
2023-06-10T14:50:00+04:00 Dubai,,
2023-06-10T14:55:00+04:00 Dubai,,
2023-06-10T15:00:00+04:00 Dubai,,
2023-06-10T15:05:00+04:00 Dubai,,
2023-06-10T15:10:00+04:00 Dubai,,
2023-06-10T15:15:00+04:00 Dubai,,
2023-06-10T15:20:00+04:00 Dubai,,
2023-06-10T15:25:00+04:00 Dubai,,
2023-06-10T15:30:00+04:00 Dubai,,
2023-06-10T15:35:00+04:00 Dubai,,
2023-06-10T15:40:00+04:00 Dubai,,
2023-06-10T15:45:00+04:00 Dubai,,
2023-06-10T15:50:00+04:00 Dubai,,
2023-06-10T15:55:00+04:00 Dubai,,
2023-06-10T16:00:00+04:00 Dubai,,
2023-06-10T16:05:00+04:00 Dubai,,
2023-06-10T16:10:00+04:00 Dubai,,
2023-06-10T16:15:00+04:00 Dubai,,
2023-06-10T16:20:00+04:00 Dubai,,
2023-06-10T16:25:00+04:00 Dubai,,
2023-06-10T16:30:00+04:00 Dubai,,
2023-06-10T16:35:00+04:00 Dubai,,
2023-06-10T16:40:00+04:00 Dubai,,
2023-06-10T16:45:00+04:00 Dubai,,
2023-06-10T16:50:00+04:00 Dubai,,
2023-06-10T16:55:00+04:00 Dubai,,
2023-06-10T17:00:00+04:00 Dubai,,
2023-06-10T17:05:00+04:00 Dubai,,
2023-06-10T17:10:00+04:00 Dubai,,
2023-06-10T17:15:00+04:00 Dubai,,
2023-06-10T17:20:00+04:00 Dubai,,
2023-06-10T17:25:00+04:00 Dubai,,
2023-06-10T17:30:00+04:00 Dubai,,
2023-06-10T17:35:00+04:00 Dubai,,
2023-06-10T17:40:00+04:00 Dubai,,
2023-06-10T17:45:00+04:00 Dubai,,
2023-06-10T17:50:00+04:00 Dubai,,
2023-06-10T17:55:00+04:00 Dubai,,
2023-06-10T18:00:00+04:00 Dubai,,
2023-06-10T18:05:00+04:00 Dubai,,
2023-06-10T18:10:00+04:00 Dubai,,
2023-06-10T18:15:00+04:00 Dubai,,
2023-06-10T18:20:00+04:00 Dubai,,
2023-06-10T18:25:00+04:00 Dubai,,
2023-06-10T18:30:00+04:00 Dubai,,
2023-06-10T18:35:00+04:00 Dubai,,
2023-06-10T18:40:00+04:00 Dubai,,
2023-06-10T18:45:00+04:00 Dubai,,
2023-06-10T18:50:00+04:00 Dubai,,
2023-06-10T18:55:00+04:00 Dubai,,
2023-06-10T19:00:00+04:00 Dubai,,
2023-06-10T19:05:00+04:00 Dubai,,
2023-06-10T19:10:00+04:00 Dubai,,
2023-06-10T19:15:00+04:00 Dubai,,
2023-06-10T19:20:00+04:00 Dubai,,
2023-06-10T19:25:00+04:00 Dubai,,
2023-06-10T19:30:00+04:00 Dubai,,
2023-06-10T19:35:00+04:00 Dubai,,
2023-06-10T19:40:00+04:00 Dubai,,
2023-06-10T19:45:00+04:00 Dubai,,
2023-06-10T19:50:00+04:00 Dubai,,
2023-06-10T19:55:00+04:00 Dubai,,
2023-06-10T20:00:00+04:00 Dubai,,
2023-06-10T20:05:00+04:00 Dubai,,
2023-06-10T20:10:00+04:00 Dubai,,
2023-06-10T20:15:00+04:00 Dubai,,
2023-06-10T20:20:00+04:00 Dubai,,
2023-06-10T20:25:00+04:00 Dubai,,
2023-06-10T20:30:00+04:00 Dubai,,
2023-06-10T20:35:00+04:00 Dubai,,
2023-06-10T20:40:00+04:00 Dubai,,
2023-06-10T20:45:00+04:00 Dubai,,
2023-06-10T20:50:00+04:00 Dubai,,
2023-06-10T20:55:00+04:00 Dubai,,
2023-06-10T21:00:00+04:00 Dubai,,
2023-06-10T21:05:00+04:00 Dubai,,
2023-06-10T21:10:00+04:00 Dubai,,
2023-06-10T21:15:00+04:00 Dubai,,
2023-06-10T21:20:00+04:00 Dubai,,
2023-06-10T21:25:00+04:00 Dubai,,
2023-06-10T21:30:00+04:00 Dubai,,
2023-06-10T21:35:00+04:00 Dubai,,
2023-06-10T21:40:00+04:00 Dubai,,
2023-06-10T21:45:00+04:00 Dubai,,
2023-06-10T21:50:00+04:00 Dubai,,
2023-06-10T21:55:00+04:00 Dubai,,
2023-06-10T22:00:00+04:00 Dubai,,
2023-06-10T22:05:00+04:00 Dubai,,
2023-06-10T22:10:00+04:00 Dubai,,
2023-06-10T22:15:00+04:00 Dubai,,
2023-06-10T22:20:00+04:00 Dubai,,
2023-06-10T22:25:00+04:00 Dubai,,
2023-06-10T22:30:00+04:00 Dubai,,
2023-06-10T22:35:00+04:00 Dubai,,
2023-06-10T22:40:00+04:00 Dubai,,
2023-06-10T22:45:00+04:00 Dubai,,
2023-06-10T22:50:00+04:00 Dubai,,
2023-06-10T22:55:00+04:00 Dubai,,
2023-06-10T23:00:00+04:00 Dubai,,
2023-06-10T23:05:00+04:00 Dubai,,
2023-06-10T23:10:00+04:00 Dubai,,
2023-06-10T23:15:00+04:00 Dubai,,
2023-06-10T23:20:00+04:00 Dubai,,
2023-06-10T23:25:00+04:00 Dubai,,
2023-06-10T23:30:00+04:00 Dubai,,
2023-06-10T23:35:00+04:00 Dubai,,
2023-06-10T23:40:00+04:00 Dubai,,
2023-06-10T23:45:00+04:00 Dubai,,
2023-06-10T23:50:00+04:00 Dubai,,
2023-06-10T23:55:00+04:00 Dubai,,
2023-06-11T00:00:00+04:00 Dubai,,
2023-06-11T00:05:00+04:00 Dubai,,
2023-06-11T00:10:00+04:00 Dubai,,
2023-06-11T00:15:00+04:00 Dubai,,
2023-06-11T00:20:00+04:00 Dubai,,
2023-06-11T00:25:00+04:00 Dubai,,
2023-06-11T00:30:00+04:00 Dubai,,
2023-06-11T00:35:00+04:00 Dubai,,
2023-06-11T00:40:00+04:00 Dubai,,
2023-06-11T00:45:00+04:00 Dubai,,
2023-06-11T00:50:00+04:00 Dubai,,
2023-06-11T00:55:00+04:00 Dubai,,
2023-06-11T01:00:00+04:00 Dubai,,
2023-06-11T01:05:00+04:00 Dubai,,
2023-06-11T01:10:00+04:00 Dubai,,
2023-06-11T01:15:00+04:00 Dubai,,
2023-06-11T01:20:00+04:00 Dubai,,
2023-06-11T01:25:00+04:00 Dubai,,
2023-06-11T01:30:00+04:00 Dubai,,
2023-06-11T01:35:00+04:00 Dubai,,
2023-06-11T01:40:00+04:00 Dubai,,
2023-06-11T01:45:00+04:00 Dubai,,
2023-06-11T01:50:00+04:00 Dubai,,
2023-06-11T01:55:00+04:00 Dubai,,
2023-06-11T02:00:00+04:00 Dubai,,
2023-06-11T02:05:00+04:00 Dubai,,
2023-06-11T02:10:00+04:00 Dubai,,
2023-06-11T02:15:00+04:00 Dubai,,
2023-06-11T02:20:00+04:00 Dubai,,
2023-06-11T02:25:00+04:00 Dubai,,
2023-06-11T02:30:00+04:00 Dubai,,
2023-06-11T02:35:00+04:00 Dubai,,
2023-06-11T02:40:00+04:00 Dubai,,
2023-06-11T02:45:00+04:00 Dubai,,
2023-06-11T02:50:00+04:00 Dubai,,
2023-06-11T02:55:00+04:00 Dubai,,
2023-06-11T03:00:00+04:00 Dubai,,
2023-06-11T03:05:00+04:00 Dubai,,
2023-06-11T03:10:00+04:00 Dubai,,
2023-06-11T03:15:00+04:00 Dubai,,
2023-06-11T03:20:00+04:00 Dubai,,
2023-06-11T03:25:00+04:00 Dubai,,
2023-06-11T03:30:00+04:00 Dubai,,
2023-06-11T03:35:00+04:00 Dubai,,
2023-06-11T03:40:00+04:00 Dubai,,
2023-06-11T03:45:00+04:00 Dubai,,
2023-06-11T03:50:00+04:00 Dubai,,
2023-06-11T03:55:00+04:00 Dubai,,
2023-06-11T04:00:00+04:00 Dubai,,
2023-06-11T04:05:00+04:00 Dubai,,
2023-06-11T04:10:00+04:00 Dubai,,
2023-06-11T04:15:00+04:00 Dubai,,
2023-06-11T04:20:00+04:00 Dubai,,
2023-06-11T04:25:00+04:00 Dubai,,
2023-06-11T04:30:00+04:00 Dubai,,
2023-06-11T04:35:00+04:00 Dubai,,
2023-06-11T04:40:00+04:00 Dubai,,
2023-06-11T04:45:00+04:00 Dubai,,
2023-06-11T04:50:00+04:00 Dubai,,
2023-06-11T04:55:00+04:00 Dubai,,
2023-06-11T05:00:00+04:00 Dubai,,
2023-06-11T05:05:00+04:00 Dubai,,
2023-06-11T05:10:00+04:00 Dubai,,
2023-06-11T05:15:00+04:00 Dubai,,
2023-06-11T05:20:00+04:00 Dubai,,
2023-06-11T05:25:00+04:00 Dubai,,
2023-06-11T05:30:00+04:00 Dubai,,
2023-06-11T05:35:00+04:00 Dubai,,
2023-06-11T05:40:00+04:00 Dubai,,
2023-06-11T05:45:00+04:00 Dubai,,
2023-06-11T05:50:00+04:00 Dubai,,
2023-06-11T05:55:00+04:00 Dubai,,
2023-06-11T06:00:00+04:00 Dubai,,
2023-06-11T06:05:00+04:00 Dubai,,
2023-06-11T06:10:00+04:00 Dubai,,
2023-06-11T06:15:00+04:00 Dubai,,
2023-06-11T06:20:00+04:00 Dubai,,
2023-06-11T06:25:00+04:00 Dubai,,
2023-06-11T06:30:00+04:00 Dubai,,
2023-06-11T06:35:00+04:00 Dubai,,
2023-06-11T06:40:00+04:00 Dubai,,
2023-06-11T06:45:00+04:00 Dubai,,
2023-06-11T06:50:00+04:00 Dubai,,
2023-06-11T06:55:00+04:00 Dubai,,
2023-06-11T07:00:00+04:00 Dubai,,
2023-06-11T07:05:00+04:00 Dubai,,
2023-06-11T07:10:00+04:00 Dubai,,
2023-06-11T07:15:00+04:00 Dubai,,
2023-06-11T07:20:00+04:00 Dubai,,
2023-06-11T07:25:00+04:00 Dubai,,
2023-06-11T07:30:00+04:00 Dubai,,
2023-06-11T07:35:00+04:00 Dubai,,
2023-06-11T07:40:00+04:00 Dubai,,
2023-06-11T07:45:00+04:00 Dubai,,
2023-06-11T07:50:00+04:00 Dubai,,
2023-06-11T07:55:00+04:00 Dubai,,
2023-06-11T08:00:00+04:00 Dubai,,
2023-06-11T08:05:00+04:00 Dubai,,
2023-06-11T08:10:00+04:00 Dubai,,
2023-06-11T08:15:00+04:00 Dubai,,
2023-06-11T08:20:00+04:00 Dubai,,
2023-06-11T08:25:00+04:00 Dubai,,
2023-06-11T08:30:00+04:00 Dubai,,
2023-06-11T08:35:00+04:00 Dubai,,
2023-06-11T08:40:00+04:00 Dubai,,
2023-06-11T08:45:00+04:00 Dubai,,
2023-06-11T08:50:00+04:00 Dubai,,
2023-06-11T08:55:00+04:00 Dubai,,
2023-06-11T09:00:00+04:00 Dubai,,
2023-06-11T09:05:00+04:00 Dubai,,
2023-06-11T09:10:00+04:00 Dubai,,
2023-06-11T09:15:00+04:00 Dubai,,
2023-06-11T09:20:00+04:00 Dubai,,
2023-06-11T09:25:00+04:00 Dubai,,
2023-06-11T09:30:00+04:00 Dubai,,
2023-06-11T09:35:00+04:00 Dubai,,
2023-06-11T09:40:00+04:00 Dubai,,
2023-06-11T09:45:00+04:00 Dubai,,
2023-06-11T09:50:00+04:00 Dubai,,
2023-06-11T09:55:00+04:00 Dubai,,
2023-06-11T10:00:00+04:00 Dubai,,
2023-06-11T10:05:00+04:00 Dubai,,
2023-06-11T10:10:00+04:00 Dubai,,
2023-06-11T10:15:00+04:00 Dubai,,
2023-06-11T10:20:00+04:00 Dubai,,
2023-06-11T10:25:00+04:00 Dubai,,
2023-06-11T10:30:00+04:00 Dubai,,
2023-06-11T10:35:00+04:00 Dubai,,
2023-06-11T10:40:00+04:00 Dubai,,
2023-06-11T10:45:00+04:00 Dubai,,
2023-06-11T10:50:00+04:00 Dubai,,
2023-06-11T10:55:00+04:00 Dubai,,
2023-06-11T11:00:00+04:00 Dubai,,
2023-06-11T11:05:00+04:00 Dubai,,
2023-06-11T11:10:00+04:00 Dubai,,
2023-06-11T11:15:00+04:00 Dubai,,
2023-06-11T11:20:00+04:00 Dubai,,
2023-06-11T11:25:00+04:00 Dubai,,
2023-06-11T11:30:00+04:00 Dubai,,
2023-06-11T11:35:00+04:00 Dubai,,
2023-06-11T11:40:00+04:00 Dubai,,
2023-06-11T11:45:00+04:00 Dubai,,
2023-06-11T11:50:00+04:00 Dubai,,
2023-06-11T11:55:00+04:00 Dubai,,
2023-06-11T12:00:00+04:00 Dubai,,
2023-06-11T12:05:00+04:00 Dubai,,
2023-06-11T12:10:00+04:00 Dubai,,
2023-06-11T12:15:00+04:00 Dubai,,
2023-06-11T12:20:00+04:00 Dubai,,
2023-06-11T12:25:00+04:00 Dubai,,
2023-06-11T12:30:00+04:00 Dubai,,
2023-06-11T12:35:00+04:00 Dubai,,
2023-06-11T12:40:00+04:00 Dubai,,
2023-06-11T12:45:00+04:00 Dubai,,
2023-06-11T12:50:00+04:00 Dubai,,
2023-06-11T12:55:00+04:00 Dubai,,
2023-06-11T13:00:00+04:00 Dubai,,
2023-06-11T13:05:00+04:00 Dubai,,
2023-06-11T13:10:00+04:00 Dubai,,
2023-06-11T13:15:00+04:00 Dubai,,
2023-06-11T13:20:00+04:00 Dubai,,
2023-06-11T13:25:00+04:00 Dubai,,
2023-06-11T13:30:00+04:00 Dubai,,
2023-06-11T13:35:00+04:00 Dubai,,
2023-06-11T13:40:00+04:00 Dubai,,
2023-06-11T13:45:00+04:00 Dubai,,
2023-06-11T13:50:00+04:00 Dubai,,
2023-06-11T13:55:00+04:00 Dubai,,
2023-06-11T14:00:00+04:00 Dubai,,
2023-06-11T14:05:00+04:00 Dubai,,
2023-06-11T14:10:00+04:00 Dubai,,
2023-06-11T14:15:00+04:00 Dubai,,
2023-06-11T14:20:00+04:00 Dubai,,
2023-06-11T14:25:00+04:00 Dubai,,
2023-06-11T14:30:00+04:00 Dubai,,
2023-06-11T14:35:00+04:00 Dubai,,
2023-06-11T14:40:00+04:00 Dubai,,
2023-06-11T14:45:00+04:00 Dubai,,
2023-06-11T14:50:00+04:00 Dubai,,
2023-06-11T14:55:00+04:00 Dubai,,
2023-06-11T15:00:00+04:00 Dubai,,
2023-06-11T15:05:00+04:00 Dubai,,
2023-06-11T15:10:00+04:00 Dubai,,
2023-06-11T15:15:00+04:00 Dubai,,
2023-06-11T15:20:00+04:00 Dubai,,
2023-06-11T15:25:00+04:00 Dubai,,
2023-06-11T15:30:00+04:00 Dubai,,
2023-06-11T15:35:00+04:00 Dubai,,
2023-06-11T15:40:00+04:00 Dubai,,
2023-06-11T15:45:00+04:00 Dubai,,
2023-06-11T15:50:00+04:00 Dubai,,
2023-06-11T15:55:00+04:00 Dubai,,
2023-06-11T16:00:00+04:00 Dubai,,
2023-06-11T16:05:00+04:00 Dubai,,
2023-06-11T16:10:00+04:00 Dubai,,
2023-06-11T16:15:00+04:00 Dubai,,
2023-06-11T16:20:00+04:00 Dubai,,
2023-06-11T16:25:00+04:00 Dubai,,
2023-06-11T16:30:00+04:00 Dubai,,
2023-06-11T16:35:00+04:00 Dubai,,
2023-06-11T16:40:00+04:00 Dubai,,
2023-06-11T16:45:00+04:00 Dubai,,
2023-06-11T16:50:00+04:00 Dubai,,
2023-06-11T16:55:00+04:00 Dubai,,
2023-06-11T17:00:00+04:00 Dubai,,
2023-06-11T17:05:00+04:00 Dubai,,
2023-06-11T17:10:00+04:00 Dubai,,
2023-06-11T17:15:00+04:00 Dubai,,
2023-06-11T17:20:00+04:00 Dubai,,
2023-06-11T17:25:00+04:00 Dubai,,
2023-06-11T17:30:00+04:00 Dubai,,
2023-06-11T17:35:00+04:00 Dubai,,
2023-06-11T17:40:00+04:00 Dubai,,
2023-06-11T17:45:00+04:00 Dubai,,
2023-06-11T17:50:00+04:00 Dubai,,
2023-06-11T17:55:00+04:00 Dubai,,
2023-06-11T18:00:00+04:00 Dubai,,
2023-06-11T18:05:00+04:00 Dubai,,
2023-06-11T18:10:00+04:00 Dubai,,
2023-06-11T18:15:00+04:00 Dubai,,
2023-06-11T18:20:00+04:00 Dubai,,
2023-06-11T18:25:00+04:00 Dubai,,
2023-06-11T18:30:00+04:00 Dubai,,
2023-06-11T18:35:00+04:00 Dubai,,
2023-06-11T18:40:00+04:00 Dubai,,
2023-06-11T18:45:00+04:00 Dubai,,
2023-06-11T18:50:00+04:00 Dubai,,
2023-06-11T18:55:00+04:00 Dubai,,
2023-06-11T19:00:00+04:00 Dubai,,
2023-06-11T19:05:00+04:00 Dubai,,
2023-06-11T19:10:00+04:00 Dubai,,
2023-06-11T19:15:00+04:00 Dubai,,
2023-06-11T19:20:00+04:00 Dubai,,
2023-06-11T19:25:00+04:00 Dubai,,
2023-06-11T19:30:00+04:00 Dubai,,
2023-06-11T19:35:00+04:00 Dubai,,
2023-06-11T19:40:00+04:00 Dubai,,
2023-06-11T19:45:00+04:00 Dubai,,
2023-06-11T19:50:00+04:00 Dubai,,
2023-06-11T19:55:00+04:00 Dubai,,
2023-06-11T20:00:00+04:00 Dubai,,
2023-06-11T20:05:00+04:00 Dubai,,
2023-06-11T20:10:00+04:00 Dubai,,
2023-06-11T20:15:00+04:00 Dubai,,
2023-06-11T20:20:00+04:00 Dubai,,
2023-06-11T20:25:00+04:00 Dubai,,
2023-06-11T20:30:00+04:00 Dubai,,
2023-06-11T20:35:00+04:00 Dubai,,
2023-06-11T20:40:00+04:00 Dubai,,
2023-06-11T20:45:00+04:00 Dubai,,
2023-06-11T20:50:00+04:00 Dubai,,
2023-06-11T20:55:00+04:00 Dubai,,
2023-06-11T21:00:00+04:00 Dubai,,
2023-06-11T21:05:00+04:00 Dubai,,
2023-06-11T21:10:00+04:00 Dubai,,
2023-06-11T21:15:00+04:00 Dubai,,
2023-06-11T21:20:00+04:00 Dubai,,
2023-06-11T21:25:00+04:00 Dubai,,
2023-06-11T21:30:00+04:00 Dubai,,
2023-06-11T21:35:00+04:00 Dubai,,
2023-06-11T21:40:00+04:00 Dubai,,
2023-06-11T21:45:00+04:00 Dubai,,
2023-06-11T21:50:00+04:00 Dubai,,
2023-06-11T21:55:00+04:00 Dubai,,
2023-06-11T22:00:00+04:00 Dubai,,
2023-06-11T22:05:00+04:00 Dubai,,
2023-06-11T22:10:00+04:00 Dubai,,
2023-06-11T22:15:00+04:00 Dubai,,
2023-06-11T22:20:00+04:00 Dubai,,
2023-06-11T22:25:00+04:00 Dubai,,
2023-06-11T22:30:00+04:00 Dubai,,
2023-06-11T22:35:00+04:00 Dubai,,
2023-06-11T22:40:00+04:00 Dubai,,
2023-06-11T22:45:00+04:00 Dubai,,
2023-06-11T22:50:00+04:00 Dubai,,
2023-06-11T22:55:00+04:00 Dubai,,
2023-06-11T23:00:00+04:00 Dubai,,
2023-06-11T23:05:00+04:00 Dubai,,
2023-06-11T23:10:00+04:00 Dubai,,
2023-06-11T23:15:00+04:00 Dubai,,
2023-06-11T23:20:00+04:00 Dubai,,
2023-06-11T23:25:00+04:00 Dubai,,
2023-06-11T23:30:00+04:00 Dubai,,
2023-06-11T23:35:00+04:00 Dubai,,
2023-06-11T23:40:00+04:00 Dubai,,
2023-06-11T23:45:00+04:00 Dubai,,
2023-06-11T23:50:00+04:00 Dubai,,
2023-06-11T23:55:00+04:00 Dubai,,
2023-06-12T00:00:00+04:00 Dubai,,
2023-06-12T00:05:00+04:00 Dubai,,
2023-06-12T00:10:00+04:00 Dubai,,
2023-06-12T00:15:00+04:00 Dubai,,
2023-06-12T00:20:00+04:00 Dubai,,
2023-06-12T00:25:00+04:00 Dubai,,
2023-06-12T00:30:00+04:00 Dubai,,
2023-06-12T00:35:00+04:00 Dubai,,
2023-06-12T00:40:00+04:00 Dubai,,
2023-06-12T00:45:00+04:00 Dubai,,
2023-06-12T00:50:00+04:00 Dubai,,
2023-06-12T00:55:00+04:00 Dubai,,
2023-06-12T01:00:00+04:00 Dubai,,
2023-06-12T01:05:00+04:00 Dubai,,
2023-06-12T01:10:00+04:00 Dubai,,
2023-06-12T01:15:00+04:00 Dubai,,
2023-06-12T01:20:00+04:00 Dubai,,
2023-06-12T01:25:00+04:00 Dubai,,
2023-06-12T01:30:00+04:00 Dubai,,
2023-06-12T01:35:00+04:00 Dubai,,
2023-06-12T01:40:00+04:00 Dubai,,
2023-06-12T01:45:00+04:00 Dubai,,
2023-06-12T01:50:00+04:00 Dubai,,
2023-06-12T01:55:00+04:00 Dubai,,
2023-06-12T02:00:00+04:00 Dubai,,
2023-06-12T02:05:00+04:00 Dubai,,
2023-06-12T02:10:00+04:00 Dubai,,
2023-06-12T02:15:00+04:00 Dubai,,
2023-06-12T02:20:00+04:00 Dubai,,
2023-06-12T02:25:00+04:00 Dubai,,
2023-06-12T02:30:00+04:00 Dubai,,
2023-06-12T02:35:00+04:00 Dubai,,
2023-06-12T02:40:00+04:00 Dubai,,
2023-06-12T02:45:00+04:00 Dubai,,
2023-06-12T02:50:00+04:00 Dubai,,
2023-06-12T02:55:00+04:00 Dubai,,
2023-06-12T03:00:00+04:00 Dubai,,
2023-06-12T03:05:00+04:00 Dubai,,
2023-06-12T03:10:00+04:00 Dubai,,
2023-06-12T03:15:00+04:00 Dubai,,
2023-06-12T03:20:00+04:00 Dubai,,
2023-06-12T03:25:00+04:00 Dubai,,
2023-06-12T03:30:00+04:00 Dubai,,
2023-06-12T03:35:00+04:00 Dubai,,
2023-06-12T03:40:00+04:00 Dubai,,
2023-06-12T03:45:00+04:00 Dubai,,
2023-06-12T03:50:00+04:00 Dubai,,
2023-06-12T03:55:00+04:00 Dubai,,
2023-06-12T04:00:00+04:00 Dubai,,
2023-06-12T04:05:00+04:00 Dubai,,
2023-06-12T04:10:00+04:00 Dubai,,
2023-06-12T04:15:00+04:00 Dubai,,
2023-06-12T04:20:00+04:00 Dubai,,
2023-06-12T04:25:00+04:00 Dubai,,
2023-06-12T04:30:00+04:00 Dubai,,
2023-06-12T04:35:00+04:00 Dubai,,
2023-06-12T04:40:00+04:00 Dubai,,
2023-06-12T04:45:00+04:00 Dubai,,
2023-06-12T04:50:00+04:00 Dubai,,
2023-06-12T04:55:00+04:00 Dubai,,
2023-06-12T05:00:00+04:00 Dubai,,
2023-06-12T05:05:00+04:00 Dubai,,
2023-06-12T05:10:00+04:00 Dubai,,
2023-06-12T05:15:00+04:00 Dubai,,
2023-06-12T05:20:00+04:00 Dubai,,
2023-06-12T05:25:00+04:00 Dubai,,
2023-06-12T05:30:00+04:00 Dubai,,
2023-06-12T05:35:00+04:00 Dubai,,
2023-06-12T05:40:00+04:00 Dubai,,
2023-06-12T05:45:00+04:00 Dubai,,
2023-06-12T05:50:00+04:00 Dubai,,
2023-06-12T05:55:00+04:00 Dubai,,
2023-06-12T06:00:00+04:00 Dubai,,
2023-06-12T06:05:00+04:00 Dubai,,
2023-06-12T06:10:00+04:00 Dubai,,
2023-06-12T06:15:00+04:00 Dubai,,
2023-06-12T06:20:00+04:00 Dubai,,
2023-06-12T06:25:00+04:00 Dubai,,
2023-06-12T06:30:00+04:00 Dubai,,
2023-06-12T06:35:00+04:00 Dubai,,
2023-06-12T06:40:00+04:00 Dubai,,
2023-06-12T06:45:00+04:00 Dubai,,
2023-06-12T06:50:00+04:00 Dubai,,
2023-06-12T06:55:00+04:00 Dubai,,
2023-06-12T07:00:00+04:00 Dubai,,
2023-06-12T07:05:00+04:00 Dubai,,
2023-06-12T07:10:00+04:00 Dubai,,
2023-06-12T07:15:00+04:00 Dubai,,
2023-06-12T07:20:00+04:00 Dubai,,
2023-06-12T07:25:00+04:00 Dubai,,
2023-06-12T07:30:00+04:00 Dubai,,
2023-06-12T07:35:00+04:00 Dubai,,
2023-06-12T07:40:00+04:00 Dubai,,
2023-06-12T07:45:00+04:00 Dubai,,
2023-06-12T07:50:00+04:00 Dubai,,
2023-06-12T07:55:00+04:00 Dubai,,
2023-06-12T08:00:00+04:00 Dubai,,
2023-06-12T08:05:00+04:00 Dubai,,
2023-06-12T08:10:00+04:00 Dubai,,
2023-06-12T08:15:00+04:00 Dubai,,
2023-06-12T08:20:00+04:00 Dubai,,
2023-06-12T08:25:00+04:00 Dubai,,
2023-06-12T08:30:00+04:00 Dubai,,
2023-06-12T08:35:00+04:00 Dubai,,
2023-06-12T08:40:00+04:00 Dubai,,
2023-06-12T08:45:00+04:00 Dubai,,
2023-06-12T08:50:00+04:00 Dubai,,
2023-06-12T08:55:00+04:00 Dubai,,
2023-06-12T09:00:00+04:00 Dubai,,
2023-06-12T09:05:00+04:00 Dubai,,
2023-06-12T09:10:00+04:00 Dubai,,
2023-06-12T09:15:00+04:00 Dubai,,
2023-06-12T09:20:00+04:00 Dubai,,
2023-06-12T09:25:00+04:00 Dubai,,
2023-06-12T09:30:00+04:00 Dubai,,
2023-06-12T09:35:00+04:00 Dubai,,
2023-06-12T09:40:00+04:00 Dubai,,
2023-06-12T09:45:00+04:00 Dubai,,
2023-06-12T09:50:00+04:00 Dubai,,
2023-06-12T09:55:00+04:00 Dubai,,
2023-06-12T10:00:00+04:00 Dubai,,
2023-06-12T10:05:00+04:00 Dubai,,
2023-06-12T10:10:00+04:00 Dubai,,
2023-06-12T10:15:00+04:00 Dubai,,
2023-06-12T10:20:00+04:00 Dubai,,
2023-06-12T10:25:00+04:00 Dubai,,
2023-06-12T10:30:00+04:00 Dubai,,
2023-06-12T10:35:00+04:00 Dubai,,
2023-06-12T10:40:00+04:00 Dubai,,
2023-06-12T10:45:00+04:00 Dubai,,
2023-06-12T10:50:00+04:00 Dubai,,
2023-06-12T10:55:00+04:00 Dubai,,
2023-06-12T11:00:00+04:00 Dubai,,
2023-06-12T11:05:00+04:00 Dubai,,
2023-06-12T11:10:00+04:00 Dubai,,
2023-06-12T11:15:00+04:00 Dubai,,
2023-06-12T11:20:00+04:00 Dubai,,
2023-06-12T11:25:00+04:00 Dubai,,
2023-06-12T11:30:00+04:00 Dubai,,
2023-06-12T11:35:00+04:00 Dubai,,
2023-06-12T11:40:00+04:00 Dubai,,
2023-06-12T11:45:00+04:00 Dubai,,
2023-06-12T11:50:00+04:00 Dubai,,
2023-06-12T11:55:00+04:00 Dubai,,
2023-06-12T12:00:00+04:00 Dubai,,
2023-06-12T12:05:00+04:00 Dubai,,
2023-06-12T12:10:00+04:00 Dubai,,
2023-06-12T12:15:00+04:00 Dubai,,
2023-06-12T12:20:00+04:00 Dubai,,
2023-06-12T12:25:00+04:00 Dubai,,
2023-06-12T12:30:00+04:00 Dubai,,
2023-06-12T12:35:00+04:00 Dubai,,
2023-06-12T12:40:00+04:00 Dubai,,
2023-06-12T12:45:00+04:00 Dubai,,
2023-06-12T12:50:00+04:00 Dubai,,
2023-06-12T12:55:00+04:00 Dubai,,
2023-06-12T13:00:00+04:00 Dubai,,
2023-06-12T13:05:00+04:00 Dubai,,
2023-06-12T13:10:00+04:00 Dubai,,
2023-06-12T13:15:00+04:00 Dubai,,
2023-06-12T13:20:00+04:00 Dubai,,
2023-06-12T13:25:00+04:00 Dubai,,
2023-06-12T13:30:00+04:00 Dubai,,
2023-06-12T13:35:00+04:00 Dubai,,
2023-06-12T13:40:00+04:00 Dubai,,
2023-06-12T13:45:00+04:00 Dubai,,
2023-06-12T13:50:00+04:00 Dubai,,
2023-06-12T13:55:00+04:00 Dubai,,
2023-06-12T14:00:00+04:00 Dubai,,
2023-06-12T14:05:00+04:00 Dubai,,
2023-06-12T14:10:00+04:00 Dubai,,
2023-06-12T14:15:00+04:00 Dubai,,
2023-06-12T14:20:00+04:00 Dubai,,
2023-06-12T14:25:00+04:00 Dubai,,
2023-06-12T14:30:00+04:00 Dubai,,
2023-06-12T14:35:00+04:00 Dubai,,
2023-06-12T14:40:00+04:00 Dubai,,
2023-06-12T14:45:00+04:00 Dubai,,
2023-06-12T14:50:00+04:00 Dubai,,
2023-06-12T14:55:00+04:00 Dubai,,
2023-06-12T15:00:00+04:00 Dubai,,
2023-06-12T15:05:00+04:00 Dubai,,
2023-06-12T15:10:00+04:00 Dubai,,
2023-06-12T15:15:00+04:00 Dubai,,
2023-06-12T15:20:00+04:00 Dubai,,
2023-06-12T15:25:00+04:00 Dubai,,
2023-06-12T15:30:00+04:00 Dubai,,
2023-06-12T15:35:00+04:00 Dubai,,
2023-06-12T15:40:00+04:00 Dubai,,
2023-06-12T15:45:00+04:00 Dubai,,
2023-06-12T15:50:00+04:00 Dubai,,
2023-06-12T15:55:00+04:00 Dubai,,
2023-06-12T16:00:00+04:00 Dubai,,
2023-06-12T16:05:00+04:00 Dubai,,
2023-06-12T16:10:00+04:00 Dubai,,
2023-06-12T16:15:00+04:00 Dubai,,
2023-06-12T16:20:00+04:00 Dubai,,
2023-06-12T16:25:00+04:00 Dubai,,
2023-06-12T16:30:00+04:00 Dubai,,
2023-06-12T16:35:00+04:00 Dubai,,
2023-06-12T16:40:00+04:00 Dubai,,
2023-06-12T16:45:00+04:00 Dubai,,
2023-06-12T16:50:00+04:00 Dubai,,
2023-06-12T16:55:00+04:00 Dubai,,
2023-06-12T17:00:00+04:00 Dubai,,
2023-06-12T17:05:00+04:00 Dubai,,
2023-06-12T17:10:00+04:00 Dubai,,
2023-06-12T17:15:00+04:00 Dubai,,
2023-06-12T17:20:00+04:00 Dubai,,
2023-06-12T17:25:00+04:00 Dubai,,
2023-06-12T17:30:00+04:00 Dubai,,
2023-06-12T17:35:00+04:00 Dubai,,
2023-06-12T17:40:00+04:00 Dubai,,
2023-06-12T17:45:00+04:00 Dubai,,
2023-06-12T17:50:00+04:00 Dubai,,
2023-06-12T17:55:00+04:00 Dubai,,
2023-06-12T18:00:00+04:00 Dubai,,
2023-06-12T18:05:00+04:00 Dubai,,
2023-06-12T18:10:00+04:00 Dubai,,
2023-06-12T18:15:00+04:00 Dubai,,
2023-06-12T18:20:00+04:00 Dubai,,
2023-06-12T18:25:00+04:00 Dubai,,
2023-06-12T18:30:00+04:00 Dubai,,
2023-06-12T18:35:00+04:00 Dubai,,
2023-06-12T18:40:00+04:00 Dubai,,
2023-06-12T18:45:00+04:00 Dubai,,
2023-06-12T18:50:00+04:00 Dubai,,
2023-06-12T18:55:00+04:00 Dubai,,
2023-06-12T19:00:00+04:00 Dubai,,
2023-06-12T19:05:00+04:00 Dubai,,
2023-06-12T19:10:00+04:00 Dubai,,
2023-06-12T19:15:00+04:00 Dubai,,
2023-06-12T19:20:00+04:00 Dubai,,
2023-06-12T19:25:00+04:00 Dubai,,
2023-06-12T19:30:00+04:00 Dubai,,
2023-06-12T19:35:00+04:00 Dubai,,
2023-06-12T19:40:00+04:00 Dubai,,
2023-06-12T19:45:00+04:00 Dubai,,
2023-06-12T19:50:00+04:00 Dubai,,
2023-06-12T19:55:00+04:00 Dubai,,
2023-06-12T20:00:00+04:00 Dubai,,
2023-06-12T20:05:00+04:00 Dubai,,
2023-06-12T20:10:00+04:00 Dubai,,
2023-06-12T20:15:00+04:00 Dubai,,
2023-06-12T20:20:00+04:00 Dubai,,
2023-06-12T20:25:00+04:00 Dubai,,
2023-06-12T20:30:00+04:00 Dubai,,
2023-06-12T20:35:00+04:00 Dubai,,
2023-06-12T20:40:00+04:00 Dubai,,
2023-06-12T20:45:00+04:00 Dubai,,
2023-06-12T20:50:00+04:00 Dubai,,
2023-06-12T20:55:00+04:00 Dubai,,
2023-06-12T21:00:00+04:00 Dubai,,
2023-06-12T21:05:00+04:00 Dubai,,
2023-06-12T21:10:00+04:00 Dubai,,
2023-06-12T21:15:00+04:00 Dubai,,
2023-06-12T21:20:00+04:00 Dubai,,
2023-06-12T21:25:00+04:00 Dubai,,
2023-06-12T21:30:00+04:00 Dubai,,
2023-06-12T21:35:00+04:00 Dubai,,
2023-06-12T21:40:00+04:00 Dubai,,
2023-06-12T21:45:00+04:00 Dubai,,
2023-06-12T21:50:00+04:00 Dubai,,
2023-06-12T21:55:00+04:00 Dubai,,
2023-06-12T22:00:00+04:00 Dubai,,
2023-06-12T22:05:00+04:00 Dubai,,
2023-06-12T22:10:00+04:00 Dubai,,
2023-06-12T22:15:00+04:00 Dubai,,
2023-06-12T22:20:00+04:00 Dubai,,
2023-06-12T22:25:00+04:00 Dubai,,
2023-06-12T22:30:00+04:00 Dubai,,
2023-06-12T22:35:00+04:00 Dubai,,
2023-06-12T22:40:00+04:00 Dubai,,
2023-06-12T22:45:00+04:00 Dubai,,
2023-06-12T22:50:00+04:00 Dubai,,
2023-06-12T22:55:00+04:00 Dubai,,
2023-06-12T23:00:00+04:00 Dubai,,
2023-06-12T23:05:00+04:00 Dubai,,
2023-06-12T23:10:00+04:00 Dubai,,
2023-06-12T23:15:00+04:00 Dubai,,
2023-06-12T23:20:00+04:00 Dubai,,
2023-06-12T23:25:00+04:00 Dubai,,
2023-06-12T23:30:00+04:00 Dubai,,
2023-06-12T23:35:00+04:00 Dubai,,
2023-06-12T23:40:00+04:00 Dubai,,
2023-06-12T23:45:00+04:00 Dubai,,
2023-06-12T23:50:00+04:00 Dubai,,
2023-06-12T23:55:00+04:00 Dubai,,
2023-06-13T00:00:00+04:00 Dubai,,
2023-06-13T00:05:00+04:00 Dubai,,
2023-06-13T00:10:00+04:00 Dubai,,
2023-06-13T00:15:00+04:00 Dubai,,
2023-06-13T00:20:00+04:00 Dubai,,
2023-06-13T00:25:00+04:00 Dubai,,
2023-06-13T00:30:00+04:00 Dubai,,
2023-06-13T00:35:00+04:00 Dubai,,
2023-06-13T00:40:00+04:00 Dubai,,
2023-06-13T00:45:00+04:00 Dubai,,
2023-06-13T00:50:00+04:00 Dubai,,
2023-06-13T00:55:00+04:00 Dubai,,
2023-06-13T01:00:00+04:00 Dubai,,
2023-06-13T01:05:00+04:00 Dubai,,
2023-06-13T01:10:00+04:00 Dubai,,
2023-06-13T01:15:00+04:00 Dubai,,
2023-06-13T01:20:00+04:00 Dubai,,
2023-06-13T01:25:00+04:00 Dubai,,
2023-06-13T01:30:00+04:00 Dubai,,
2023-06-13T01:35:00+04:00 Dubai,,
2023-06-13T01:40:00+04:00 Dubai,,
2023-06-13T01:45:00+04:00 Dubai,,
2023-06-13T01:50:00+04:00 Dubai,,
2023-06-13T01:55:00+04:00 Dubai,,
2023-06-13T02:00:00+04:00 Dubai,,
2023-06-13T02:05:00+04:00 Dubai,,
2023-06-13T02:10:00+04:00 Dubai,,
2023-06-13T02:15:00+04:00 Dubai,,
2023-06-13T02:20:00+04:00 Dubai,,
2023-06-13T02:25:00+04:00 Dubai,,
2023-06-13T02:30:00+04:00 Dubai,,
2023-06-13T02:35:00+04:00 Dubai,,
2023-06-13T02:40:00+04:00 Dubai,,
2023-06-13T02:45:00+04:00 Dubai,,
2023-06-13T02:50:00+04:00 Dubai,,
2023-06-13T02:55:00+04:00 Dubai,,
2023-06-13T03:00:00+04:00 Dubai,,
2023-06-13T03:05:00+04:00 Dubai,,
2023-06-13T03:10:00+04:00 Dubai,,
2023-06-13T03:15:00+04:00 Dubai,,
2023-06-13T03:20:00+04:00 Dubai,,
2023-06-13T03:25:00+04:00 Dubai,,
2023-06-13T03:30:00+04:00 Dubai,,
2023-06-13T03:35:00+04:00 Dubai,,
2023-06-13T03:40:00+04:00 Dubai,,
2023-06-13T03:45:00+04:00 Dubai,,
2023-06-13T03:50:00+04:00 Dubai,,
2023-06-13T03:55:00+04:00 Dubai,,
2023-06-13T04:00:00+04:00 Dubai,,
2023-06-13T04:05:00+04:00 Dubai,,
2023-06-13T04:10:00+04:00 Dubai,,
2023-06-13T04:15:00+04:00 Dubai,,
2023-06-13T04:20:00+04:00 Dubai,,
2023-06-13T04:25:00+04:00 Dubai,,
2023-06-13T04:30:00+04:00 Dubai,,
2023-06-13T04:35:00+04:00 Dubai,,
2023-06-13T04:40:00+04:00 Dubai,,
2023-06-13T04:45:00+04:00 Dubai,,
2023-06-13T04:50:00+04:00 Dubai,,
2023-06-13T04:55:00+04:00 Dubai,,
2023-06-13T05:00:00+04:00 Dubai,,
2023-06-13T05:05:00+04:00 Dubai,,
2023-06-13T05:10:00+04:00 Dubai,,
2023-06-13T05:15:00+04:00 Dubai,,
2023-06-13T05:20:00+04:00 Dubai,,
2023-06-13T05:25:00+04:00 Dubai,,
2023-06-13T05:30:00+04:00 Dubai,,
2023-06-13T05:35:00+04:00 Dubai,,
2023-06-13T05:40:00+04:00 Dubai,,
2023-06-13T05:45:00+04:00 Dubai,,
2023-06-13T05:50:00+04:00 Dubai,,
2023-06-13T05:55:00+04:00 Dubai,,
2023-06-13T06:00:00+04:00 Dubai,,
2023-06-13T06:05:00+04:00 Dubai,,
2023-06-13T06:10:00+04:00 Dubai,,
2023-06-13T06:15:00+04:00 Dubai,,
2023-06-13T06:20:00+04:00 Dubai,,
2023-06-13T06:25:00+04:00 Dubai,,
2023-06-13T06:30:00+04:00 Dubai,,
2023-06-13T06:35:00+04:00 Dubai,,
2023-06-13T06:40:00+04:00 Dubai,,
2023-06-13T06:45:00+04:00 Dubai,,
2023-06-13T06:50:00+04:00 Dubai,,
2023-06-13T06:55:00+04:00 Dubai,,
2023-06-13T07:00:00+04:00 Dubai,,
2023-06-13T07:05:00+04:00 Dubai,,
2023-06-13T07:10:00+04:00 Dubai,,
2023-06-13T07:15:00+04:00 Dubai,,
2023-06-13T07:20:00+04:00 Dubai,,
2023-06-13T07:25:00+04:00 Dubai,,
2023-06-13T07:30:00+04:00 Dubai,,
2023-06-13T07:35:00+04:00 Dubai,,
2023-06-13T07:40:00+04:00 Dubai,,
2023-06-13T07:45:00+04:00 Dubai,,
2023-06-13T07:50:00+04:00 Dubai,,
2023-06-13T07:55:00+04:00 Dubai,,
2023-06-13T08:00:00+04:00 Dubai,,
2023-06-13T08:05:00+04:00 Dubai,,
2023-06-13T08:10:00+04:00 Dubai,,
2023-06-13T08:15:00+04:00 Dubai,,
2023-06-13T08:20:00+04:00 Dubai,,
2023-06-13T08:25:00+04:00 Dubai,,
2023-06-13T08:30:00+04:00 Dubai,,
2023-06-13T08:35:00+04:00 Dubai,,
2023-06-13T08:40:00+04:00 Dubai,,
2023-06-13T08:45:00+04:00 Dubai,,
2023-06-13T08:50:00+04:00 Dubai,,
2023-06-13T08:55:00+04:00 Dubai,,
2023-06-13T09:00:00+04:00 Dubai,,
2023-06-13T09:05:00+04:00 Dubai,,
2023-06-13T09:10:00+04:00 Dubai,,
2023-06-13T09:15:00+04:00 Dubai,,
2023-06-13T09:20:00+04:00 Dubai,,
2023-06-13T09:25:00+04:00 Dubai,,
2023-06-13T09:30:00+04:00 Dubai,,
2023-06-13T09:35:00+04:00 Dubai,,
2023-06-13T09:40:00+04:00 Dubai,,
2023-06-13T09:45:00+04:00 Dubai,14.24585247039795°C,61.29%
2023-06-13T09:50:00+04:00 Dubai,14.24585247039795°C,61.29%
2023-06-13T09:55:00+04:00 Dubai,14.394882202148438°C,61.29%
2023-06-13T10:00:00+04:00 Dubai,14.394882202148438°C,61.29%
2023-06-13T10:05:00+04:00 Dubai,14.394882202148438°C,61.29%
2023-06-13T10:10:00+04:00 Dubai,14.394882202148438°C,61.29%
2023-06-13T10:15:00+04:00 Dubai,14.544392585754395°C,61.29%
2023-06-13T10:20:00+04:00 Dubai,14.544392585754395°C,61.29%
2023-06-13T10:25:00+04:00 Dubai,14.69456958770752°C,61.29%
2023-06-13T10:30:00+04:00 Dubai,14.69456958770752°C,61.29%
2023-06-13T10:35:00+04:00 Dubai,14.69456958770752°C,61.29%
2023-06-13T10:40:00+04:00 Dubai,14.69456958770752°C,61.29%
2023-06-13T10:45:00+04:00 Dubai,14.69456958770752°C,61.29%
2023-06-13T10:50:00+04:00 Dubai,14.997483253479004°C,61.29%
2023-06-13T10:55:00+04:00 Dubai,14.838808059692383°C,61.29%
2023-06-13T11:00:00+04:00 Dubai,14.838808059692383°C,61.29%
2023-06-13T11:05:00+04:00 Dubai,14.838808059692383°C,61.29%
2023-06-13T11:10:00+04:00 Dubai,14.838808059692383°C,61.29%
2023-06-13T11:15:00+04:00 Dubai,14.838808059692383°C,61.29%
2023-06-13T11:20:00+04:00 Dubai,14.838808059692383°C,61.29%
2023-06-13T11:25:00+04:00 Dubai,14.838808059692383°C,61.29%
2023-06-13T11:30:00+04:00 Dubai,14.838808059692383°C,61.29%
2023-06-13T11:35:00+04:00 Dubai,14.838808059692383°C,61.29%
2023-06-13T11:40:00+04:00 Dubai,14.838808059692383°C,61.29%
2023-06-13T11:45:00+04:00 Dubai,14.690132141113281°C,61.29%
2023-06-13T11:50:00+04:00 Dubai,14.690132141113281°C,61.29%
2023-06-13T11:55:00+04:00 Dubai,14.690132141113281°C,61.29%
2023-06-13T12:00:00+04:00 Dubai,14.690132141113281°C,61.29%
2023-06-13T12:05:00+04:00 Dubai,14.690132141113281°C,61.29%
2023-06-13T12:10:00+04:00 Dubai,14.539915084838867°C,61.29%
2023-06-13T12:15:00+04:00 Dubai,14.539915084838867°C,61.29%
2023-06-13T12:20:00+04:00 Dubai,14.539915084838867°C,61.29%
2023-06-13T12:25:00+04:00 Dubai,14.690051078796387°C,61.29%
2023-06-13T12:30:00+04:00 Dubai,14.690051078796387°C,61.29%
2023-06-13T12:35:00+04:00 Dubai,14.690051078796387°C,61.29%
2023-06-13T12:40:00+04:00 Dubai,14.690051078796387°C,61.29%
2023-06-13T12:45:00+04:00 Dubai,14.541284561157227°C,61.29%
2023-06-13T12:50:00+04:00 Dubai,14.541284561157227°C,61.29%
2023-06-13T12:55:00+04:00 Dubai,14.541284561157227°C,61.29%
2023-06-13T13:00:00+04:00 Dubai,14.541284561157227°C,61.29%
2023-06-13T13:05:00+04:00 Dubai,14.541284561157227°C,61.29%
2023-06-13T13:10:00+04:00 Dubai,14.541284561157227°C,61.29%
2023-06-13T13:15:00+04:00 Dubai,14.541284561157227°C,61.29%
2023-06-13T13:20:00+04:00 Dubai,14.541284561157227°C,61.29%
2023-06-13T13:25:00+04:00 Dubai,14.541284561157227°C,60.26%
2023-06-13T13:30:00+04:00 Dubai,14.541284561157227°C,60.26%
2023-06-13T13:35:00+04:00 Dubai,14.541284561157227°C,59.25%
2023-06-13T13:40:00+04:00 Dubai,14.541284561157227°C,59.25%
2023-06-13T13:45:00+04:00 Dubai,14.391265869140625°C,58.17%
2023-06-13T13:50:00+04:00 Dubai,14.391265869140625°C,58.17%
2023-06-13T13:55:00+04:00 Dubai,14.391265869140625°C,58.17%
2023-06-13T14:00:00+04:00 Dubai,14.391265869140625°C,58.17%
2023-06-13T14:05:00+04:00 Dubai,14.542205810546875°C,58.17%
2023-06-13T14:10:00+04:00 Dubai,14.542205810546875°C,58.17%
2023-06-13T14:15:00+04:00 Dubai,14.542205810546875°C,58.17%
2023-06-13T14:20:00+04:00 Dubai,14.542205810546875°C,58.17%
2023-06-13T14:25:00+04:00 Dubai,14.542205810546875°C,58.17%
2023-06-13T14:30:00+04:00 Dubai,14.542205810546875°C,58.17%
2023-06-13T14:35:00+04:00 Dubai,14.542205810546875°C,58.17%
2023-06-13T14:40:00+04:00 Dubai,14.542205810546875°C,58.17%
2023-06-13T14:45:00+04:00 Dubai,14.542205810546875°C,58.17%
2023-06-13T14:50:00+04:00 Dubai,14.542205810546875°C,58.17%
2023-06-13T14:55:00+04:00 Dubai,14.542205810546875°C,58.17%
2023-06-13T15:00:00+04:00 Dubai,14.542205810546875°C,58.17%
2023-06-13T15:05:00+04:00 Dubai,14.542205810546875°C,58.17%
2023-06-13T15:10:00+04:00 Dubai,14.542205810546875°C,58.17%
2023-06-13T15:15:00+04:00 Dubai,14.542205810546875°C,58.17%
2023-06-13T15:20:00+04:00 Dubai,14.542205810546875°C,58.17%
2023-06-13T15:25:00+04:00 Dubai,14.542205810546875°C,58.17%
2023-06-13T15:30:00+04:00 Dubai,14.542205810546875°C,58.17%
2023-06-13T15:35:00+04:00 Dubai,14.542205810546875°C,58.17%
2023-06-13T15:40:00+04:00 Dubai,14.542205810546875°C,58.17%
2023-06-13T15:45:00+04:00 Dubai,14.542205810546875°C,58.17%
2023-06-13T15:50:00+04:00 Dubai,14.542205810546875°C,56.80%
2023-06-13T15:55:00+04:00 Dubai,14.542205810546875°C,56.80%
2023-06-13T16:00:00+04:00 Dubai,14.542205810546875°C,55.79%
2023-06-13T16:05:00+04:00 Dubai,14.542205810546875°C,55.79%
2023-06-13T16:10:00+04:00 Dubai,14.542205810546875°C,55.79%
2023-06-13T16:15:00+04:00 Dubai,14.542205810546875°C,55.79%
2023-06-13T16:20:00+04:00 Dubai,14.542205810546875°C,54.55%
2023-06-13T16:25:00+04:00 Dubai,14.542205810546875°C,54.55%
2023-06-13T16:30:00+04:00 Dubai,14.542205810546875°C,54.55%
2023-06-13T16:35:00+04:00 Dubai,14.542205810546875°C,54.55%
2023-06-13T16:40:00+04:00 Dubai,14.691991806030273°C,54.55%
2023-06-13T16:45:00+04:00 Dubai,14.691991806030273°C,54.55%
2023-06-13T16:50:00+04:00 Dubai,14.691991806030273°C,54.55%
2023-06-13T16:55:00+04:00 Dubai,14.691991806030273°C,54.55%
2023-06-13T17:00:00+04:00 Dubai,14.543412208557129°C,54.55%
2023-06-13T17:05:00+04:00 Dubai,14.543412208557129°C,54.55%
2023-06-13T17:10:00+04:00 Dubai,14.543412208557129°C,54.55%
2023-06-13T17:15:00+04:00 Dubai,14.543412208557129°C,54.55%
2023-06-13T17:20:00+04:00 Dubai,14.543412208557129°C,53.55%
2023-06-13T17:25:00+04:00 Dubai,14.543412208557129°C,53.55%
2023-06-13T17:30:00+04:00 Dubai,14.39378833770752°C,52.33%
2023-06-13T17:35:00+04:00 Dubai,14.39378833770752°C,51.31%
2023-06-13T17:40:00+04:00 Dubai,14.39378833770752°C,51.31%
2023-06-13T17:45:00+04:00 Dubai,14.39378833770752°C,51.31%
2023-06-13T17:50:00+04:00 Dubai,14.39378833770752°C,51.31%
2023-06-13T17:55:00+04:00 Dubai,14.39378833770752°C,51.31%
2023-06-13T18:00:00+04:00 Dubai,14.39378833770752°C,51.31%
2023-06-13T18:05:00+04:00 Dubai,14.39378833770752°C,51.31%
2023-06-13T18:10:00+04:00 Dubai,14.39378833770752°C,51.31%
2023-06-13T18:15:00+04:00 Dubai,14.39378833770752°C,49.15%
2023-06-13T18:20:00+04:00 Dubai,14.39378833770752°C,47.93%
2023-06-13T18:25:00+04:00 Dubai,14.39378833770752°C,47.93%
2023-06-13T18:30:00+04:00 Dubai,14.39378833770752°C,46.44%
2023-06-13T18:35:00+04:00 Dubai,14.39378833770752°C,47.56%
2023-06-13T18:40:00+04:00 Dubai,14.39378833770752°C,47.56%
2023-06-13T18:45:00+04:00 Dubai,14.39378833770752°C,47.56%
2023-06-13T18:50:00+04:00 Dubai,14.39378833770752°C,47.56%
2023-06-13T18:55:00+04:00 Dubai,14.39378833770752°C,46.47%
2023-06-13T19:00:00+04:00 Dubai,14.39378833770752°C,45.39%
2023-06-13T19:05:00+04:00 Dubai,14.23961353302002°C,41.49%
2023-06-13T19:10:00+04:00 Dubai,14.388936996459961°C,43.91%
2023-06-13T19:15:00+04:00 Dubai,14.687471389770508°C,43.91%
2023-06-13T19:20:00+04:00 Dubai,14.687471389770508°C,43.91%
2023-06-13T19:25:00+04:00 Dubai,14.687471389770508°C,43.91%
2023-06-13T19:30:00+04:00 Dubai,14.687471389770508°C,43.91%
2023-06-13T19:35:00+04:00 Dubai,14.836111068725586°C,43.91%
2023-06-13T19:40:00+04:00 Dubai,14.836111068725586°C,43.91%
2023-06-13T19:45:00+04:00 Dubai,14.98521614074707°C,43.91%
2023-06-13T19:50:00+04:00 Dubai,14.98521614074707°C,43.91%
2023-06-13T19:55:00+04:00 Dubai,14.98521614074707°C,43.91%
2023-06-13T20:00:00+04:00 Dubai,14.98521614074707°C,43.91%
2023-06-13T20:05:00+04:00 Dubai,14.98521614074707°C,43.91%
2023-06-13T20:10:00+04:00 Dubai,14.98521614074707°C,43.91%
2023-06-13T20:15:00+04:00 Dubai,14.98521614074707°C,43.91%
2023-06-13T20:20:00+04:00 Dubai,15.134561538696289°C,43.91%
2023-06-13T20:25:00+04:00 Dubai,15.134561538696289°C,43.91%
2023-06-13T20:30:00+04:00 Dubai,15.134561538696289°C,43.91%
2023-06-13T20:35:00+04:00 Dubai,15.134561538696289°C,43.91%
2023-06-13T20:40:00+04:00 Dubai,15.134561538696289°C,43.91%
2023-06-13T20:45:00+04:00 Dubai,15.134561538696289°C,43.91%
2023-06-13T20:50:00+04:00 Dubai,15.134561538696289°C,43.91%
2023-06-13T20:55:00+04:00 Dubai,15.134561538696289°C,43.91%
2023-06-13T21:00:00+04:00 Dubai,15.134561538696289°C,43.91%
2023-06-13T21:05:00+04:00 Dubai,15.134561538696289°C,43.91%
2023-06-13T21:10:00+04:00 Dubai,15.134561538696289°C,43.91%
2023-06-13T21:15:00+04:00 Dubai,15.134561538696289°C,43.91%
2023-06-13T21:20:00+04:00 Dubai,15.134561538696289°C,43.91%
2023-06-13T21:25:00+04:00 Dubai,15.134561538696289°C,43.91%
2023-06-13T21:30:00+04:00 Dubai,15.134561538696289°C,43.91%
2023-06-13T21:35:00+04:00 Dubai,15.134561538696289°C,43.91%
2023-06-13T21:40:00+04:00 Dubai,15.283170700073242°C,43.91%
2023-06-13T21:45:00+04:00 Dubai,15.283170700073242°C,43.91%
2023-06-13T21:50:00+04:00 Dubai,15.283170700073242°C,43.91%
2023-06-13T21:55:00+04:00 Dubai,15.283170700073242°C,43.91%
2023-06-13T22:00:00+04:00 Dubai,15.283170700073242°C,43.91%
2023-06-13T22:05:00+04:00 Dubai,15.283170700073242°C,43.91%
2023-06-13T22:10:00+04:00 Dubai,15.283170700073242°C,43.91%
2023-06-13T22:15:00+04:00 Dubai,15.283170700073242°C,43.91%
2023-06-13T22:20:00+04:00 Dubai,15.283170700073242°C,43.91%
2023-06-13T22:25:00+04:00 Dubai,15.283170700073242°C,43.91%
2023-06-13T22:30:00+04:00 Dubai,15.134520530700684°C,43.91%
2023-06-13T22:35:00+04:00 Dubai,15.134520530700684°C,43.91%
2023-06-13T22:40:00+04:00 Dubai,15.134520530700684°C,43.91%
2023-06-13T22:45:00+04:00 Dubai,15.134520530700684°C,43.91%
2023-06-13T22:50:00+04:00 Dubai,15.134520530700684°C,43.91%
2023-06-13T22:55:00+04:00 Dubai,15.134520530700684°C,43.91%
2023-06-13T23:00:00+04:00 Dubai,15.134520530700684°C,43.91%
2023-06-13T23:05:00+04:00 Dubai,15.134520530700684°C,43.91%
2023-06-13T23:10:00+04:00 Dubai,15.134520530700684°C,43.91%
2023-06-13T23:15:00+04:00 Dubai,15.134520530700684°C,43.91%
2023-06-13T23:20:00+04:00 Dubai,15.134520530700684°C,43.91%
2023-06-13T23:25:00+04:00 Dubai,14.982725143432617°C,43.91%
2023-06-13T23:30:00+04:00 Dubai,14.834108352661133°C,43.91%
2023-06-13T23:35:00+04:00 Dubai,14.834108352661133°C,43.91%
2023-06-13T23:40:00+04:00 Dubai,14.68390941619873°C,43.91%
2023-06-13T23:45:00+04:00 Dubai,14.68390941619873°C,43.91%
2023-06-13T23:50:00+04:00 Dubai,14.534789085388184°C,43.91%
2023-06-13T23:55:00+04:00 Dubai,14.534789085388184°C,43.91%
2023-06-14T00:00:00+04:00 Dubai,16.791357040405273°C,28.52%
2023-06-14T00:05:00+04:00 Dubai,16.791357040405273°C,25.30%
2023-06-14T00:10:00+04:00 Dubai,16.76961898803711°C,21.04%
2023-06-14T00:15:00+04:00 Dubai,17.380455017089844°C,26.53%
2023-06-14T00:20:00+04:00 Dubai,17.685543060302734°C,26.53%
2023-06-14T00:25:00+04:00 Dubai,17.835813522338867°C,26.53%
2023-06-14T00:30:00+04:00 Dubai,17.986183166503906°C,26.53%
2023-06-14T00:35:00+04:00 Dubai,18.136486053466797°C,26.53%
2023-06-14T00:40:00+04:00 Dubai,18.288223266601562°C,26.53%
2023-06-14T00:45:00+04:00 Dubai,18.437803268432617°C,26.53%
2023-06-14T00:50:00+04:00 Dubai,18.58818244934082°C,29.05%
2023-06-14T00:55:00+04:00 Dubai,18.434526443481445°C,28.24%
2023-06-14T01:00:00+04:00 Dubai,18.28428077697754°C,28.24%
2023-06-14T01:05:00+04:00 Dubai,18.28428077697754°C,28.24%
2023-06-14T01:10:00+04:00 Dubai,18.28428077697754°C,28.24%
2023-06-14T01:15:00+04:00 Dubai,18.28428077697754°C,28.24%
2023-06-14T01:20:00+04:00 Dubai,18.433948516845703°C,28.24%
2023-06-14T01:25:00+04:00 Dubai,18.433948516845703°C,28.24%
2023-06-14T01:30:00+04:00 Dubai,18.433948516845703°C,28.24%
2023-06-14T01:35:00+04:00 Dubai,18.433948516845703°C,29.23%
2023-06-14T01:40:00+04:00 Dubai,18.5853328704834°C,30.24%
2023-06-14T01:45:00+04:00 Dubai,18.5853328704834°C,31.52%
2023-06-14T01:50:00+04:00 Dubai,18.5853328704834°C,32.59%
2023-06-14T01:55:00+04:00 Dubai,18.733991622924805°C,33.97%
2023-06-14T02:00:00+04:00 Dubai,18.431283950805664°C,33.39%
2023-06-14T02:05:00+04:00 Dubai,18.281723022460938°C,33.39%
2023-06-14T02:10:00+04:00 Dubai,18.281723022460938°C,33.39%
2023-06-14T02:15:00+04:00 Dubai,18.13094711303711°C,33.39%
2023-06-14T02:20:00+04:00 Dubai,18.13094711303711°C,33.39%
2023-06-14T02:25:00+04:00 Dubai,18.13094711303711°C,33.39%
2023-06-14T02:30:00+04:00 Dubai,18.13094711303711°C,33.39%
2023-06-14T02:35:00+04:00 Dubai,18.13094711303711°C,33.39%
2023-06-14T02:40:00+04:00 Dubai,18.13094711303711°C,33.39%
2023-06-14T02:45:00+04:00 Dubai,18.13094711303711°C,33.39%
2023-06-14T02:50:00+04:00 Dubai,18.13094711303711°C,33.39%
2023-06-14T02:55:00+04:00 Dubai,18.13094711303711°C,33.39%
2023-06-14T03:00:00+04:00 Dubai,18.13094711303711°C,33.39%
2023-06-14T03:05:00+04:00 Dubai,18.13094711303711°C,33.39%
2023-06-14T03:10:00+04:00 Dubai,18.13094711303711°C,33.39%
2023-06-14T03:15:00+04:00 Dubai,18.13094711303711°C,33.39%
2023-06-14T03:20:00+04:00 Dubai,18.13094711303711°C,33.39%
2023-06-14T03:25:00+04:00 Dubai,18.13094711303711°C,33.39%
2023-06-14T03:30:00+04:00 Dubai,18.13094711303711°C,33.39%
2023-06-14T03:35:00+04:00 Dubai,18.13094711303711°C,33.39%
2023-06-14T03:40:00+04:00 Dubai,18.13094711303711°C,33.39%
2023-06-14T03:45:00+04:00 Dubai,17.98237419128418°C,33.39%
2023-06-14T03:50:00+04:00 Dubai,17.98237419128418°C,33.39%
2023-06-14T03:55:00+04:00 Dubai,17.8332576751709°C,33.39%
2023-06-14T04:00:00+04:00 Dubai,17.8332576751709°C,33.39%
2023-06-14T04:05:00+04:00 Dubai,17.8332576751709°C,33.39%
2023-06-14T04:10:00+04:00 Dubai,17.8332576751709°C,33.39%
2023-06-14T04:15:00+04:00 Dubai,17.8332576751709°C,33.39%
2023-06-14T04:20:00+04:00 Dubai,17.8332576751709°C,33.39%
2023-06-14T04:25:00+04:00 Dubai,17.8332576751709°C,33.39%
2023-06-14T04:30:00+04:00 Dubai,17.8332576751709°C,33.39%
2023-06-14T04:35:00+04:00 Dubai,17.8332576751709°C,33.39%
2023-06-14T04:40:00+04:00 Dubai,17.8332576751709°C,33.39%
2023-06-14T04:45:00+04:00 Dubai,17.8332576751709°C,33.39%
2023-06-14T04:50:00+04:00 Dubai,17.8332576751709°C,33.39%
2023-06-14T04:55:00+04:00 Dubai,17.68448829650879°C,33.39%
2023-06-14T05:00:00+04:00 Dubai,17.68448829650879°C,33.39%
2023-06-14T05:05:00+04:00 Dubai,17.68448829650879°C,33.39%
2023-06-14T05:10:00+04:00 Dubai,17.68448829650879°C,33.39%
2023-06-14T05:15:00+04:00 Dubai,17.68448829650879°C,33.39%
2023-06-14T05:20:00+04:00 Dubai,17.68448829650879°C,33.39%
2023-06-14T05:25:00+04:00 Dubai,17.68448829650879°C,33.39%
2023-06-14T05:30:00+04:00 Dubai,17.68448829650879°C,33.39%
2023-06-14T05:35:00+04:00 Dubai,17.534833908081055°C,33.39%
2023-06-14T05:40:00+04:00 Dubai,17.534833908081055°C,33.39%
2023-06-14T05:45:00+04:00 Dubai,17.534833908081055°C,32.27%
2023-06-14T05:50:00+04:00 Dubai,17.534833908081055°C,32.27%
2023-06-14T05:55:00+04:00 Dubai,17.534833908081055°C,31.08%
2023-06-14T06:00:00+04:00 Dubai,17.38587188720703°C,30.05%
2023-06-14T06:05:00+04:00 Dubai,16.05372428894043°C,42.44%
2023-06-14T06:10:00+04:00 Dubai,15.903976440429688°C,42.44%
2023-06-14T06:15:00+04:00 Dubai,15.754992485046387°C,42.44%
2023-06-14T06:20:00+04:00 Dubai,15.603196144104004°C,41.19%
2023-06-14T06:25:00+04:00 Dubai,15.603196144104004°C,43.49%
2023-06-14T06:30:00+04:00 Dubai,15.603196144104004°C,44.62%
2023-06-14T06:35:00+04:00 Dubai,15.603196144104004°C,44.62%
2023-06-14T06:40:00+04:00 Dubai,15.603196144104004°C,43.59%
2023-06-14T06:45:00+04:00 Dubai,15.603196144104004°C,43.59%
2023-06-14T06:50:00+04:00 Dubai,15.603196144104004°C,43.59%
2023-06-14T06:55:00+04:00 Dubai,15.453941345214844°C,43.59%
2023-06-14T07:00:00+04:00 Dubai,15.453941345214844°C,43.59%
2023-06-14T07:05:00+04:00 Dubai,16.221925735473633°C,51.15%
2023-06-14T07:10:00+04:00 Dubai,16.372804641723633°C,55.20%
2023-06-14T07:15:00+04:00 Dubai,16.372804641723633°C,59.65%
2023-06-14T07:20:00+04:00 Dubai,16.22429084777832°C,62.45%
2023-06-14T07:25:00+04:00 Dubai,16.22429084777832°C,66.69%
2023-06-14T07:30:00+04:00 Dubai,16.22429084777832°C,69.76%
2023-06-14T07:35:00+04:00 Dubai,16.22429084777832°C,74.06%
2023-06-14T07:40:00+04:00 Dubai,16.22429084777832°C,76.94%
2023-06-14T07:45:00+04:00 Dubai,16.22429084777832°C,80.45%
2023-06-14T07:50:00+04:00 Dubai,16.22429084777832°C,83.09%
2023-06-14T07:55:00+04:00 Dubai,16.22429084777832°C,86.73%
2023-06-14T08:00:00+04:00 Dubai,15.894472122192383°C,87.59%
2023-06-14T08:05:00+04:00 Dubai,14.479208946228027°C,83.11%
2023-06-14T08:10:00+04:00 Dubai,13.870892524719238°C,73.87%
2023-06-14T08:15:00+04:00 Dubai,13.870892524719238°C,71.26%
2023-06-14T08:20:00+04:00 Dubai,13.870892524719238°C,66.78%
2023-06-14T08:25:00+04:00 Dubai,13.870892524719238°C,64.04%
2023-06-14T08:30:00+04:00 Dubai,13.870892524719238°C,61.50%
2023-06-14T08:35:00+04:00 Dubai,13.870892524719238°C,60.32%
2023-06-14T08:40:00+04:00 Dubai,14.022881507873535°C,58.83%
2023-06-14T08:45:00+04:00 Dubai,14.172245025634766°C,57.78%
2023-06-14T08:50:00+04:00 Dubai,14.172245025634766°C,56.64%
2023-06-14T08:55:00+04:00 Dubai,14.172245025634766°C,56.64%
2023-06-14T09:00:00+04:00 Dubai,14.32151985168457°C,55.64%
2023-06-14T09:05:00+04:00 Dubai,14.472244262695312°C,55.64%
2023-06-14T09:10:00+04:00 Dubai,14.624262809753418°C,55.64%
2023-06-14T09:15:00+04:00 Dubai,14.624262809753418°C,55.64%
2023-06-14T09:20:00+04:00 Dubai,14.624262809753418°C,55.64%
2023-06-14T09:25:00+04:00 Dubai,14.773016929626465°C,55.64%
2023-06-14T09:30:00+04:00 Dubai,14.773016929626465°C,55.64%
2023-06-14T09:35:00+04:00 Dubai,14.922281265258789°C,55.64%
2023-06-14T09:40:00+04:00 Dubai,14.922281265258789°C,55.64%
2023-06-14T09:45:00+04:00 Dubai,15.070943832397461°C,55.64%
2023-06-14T09:50:00+04:00 Dubai,15.22122573852539°C,55.64%
2023-06-14T09:55:00+04:00 Dubai,15.22122573852539°C,55.64%
2023-06-14T10:00:00+04:00 Dubai,15.22122573852539°C,55.64%
2023-06-14T10:05:00+04:00 Dubai,15.22122573852539°C,55.64%
2023-06-14T10:10:00+04:00 Dubai,15.22122573852539°C,55.64%
2023-06-14T10:15:00+04:00 Dubai,15.370461463928223°C,55.64%
2023-06-14T10:20:00+04:00 Dubai,15.370461463928223°C,55.64%
2023-06-14T10:25:00+04:00 Dubai,15.370461463928223°C,55.64%
2023-06-14T10:30:00+04:00 Dubai,15.370461463928223°C,55.64%
2023-06-14T10:35:00+04:00 Dubai,15.370461463928223°C,55.64%
2023-06-14T10:40:00+04:00 Dubai,15.370461463928223°C,55.64%
2023-06-14T10:45:00+04:00 Dubai,15.370461463928223°C,55.64%
2023-06-14T10:50:00+04:00 Dubai,15.370461463928223°C,55.64%
2023-06-14T10:55:00+04:00 Dubai,15.370461463928223°C,55.64%
2023-06-14T11:00:00+04:00 Dubai,15.370461463928223°C,55.64%
2023-06-14T11:05:00+04:00 Dubai,15.370461463928223°C,55.64%
2023-06-14T11:10:00+04:00 Dubai,15.520403861999512°C,56.71%
2023-06-14T11:15:00+04:00 Dubai,15.520403861999512°C,56.71%
2023-06-14T11:20:00+04:00 Dubai,15.520403861999512°C,57.92%
2023-06-14T11:25:00+04:00 Dubai,15.520403861999512°C,58.98%
2023-06-14T11:30:00+04:00 Dubai,15.520403861999512°C,58.98%
2023-06-14T11:35:00+04:00 Dubai,15.669517517089844°C,59.99%
2023-06-14T11:40:00+04:00 Dubai,15.518815994262695°C,59.88%
2023-06-14T11:45:00+04:00 Dubai,15.518815994262695°C,59.88%
2023-06-14T11:50:00+04:00 Dubai,15.518815994262695°C,61.11%
2023-06-14T11:55:00+04:00 Dubai,15.518815994262695°C,61.11%
2023-06-14T12:00:00+04:00 Dubai,15.518815994262695°C,61.11%
2023-06-14T12:05:00+04:00 Dubai,15.518815994262695°C,61.11%
2023-06-14T12:10:00+04:00 Dubai,15.3684720993042°C,61.11%
2023-06-14T12:15:00+04:00 Dubai,15.3684720993042°C,61.11%
2023-06-14T12:20:00+04:00 Dubai,15.3684720993042°C,61.11%
2023-06-14T12:25:00+04:00 Dubai,15.219764709472656°C,61.11%
2023-06-14T12:30:00+04:00 Dubai,15.219764709472656°C,61.11%
2023-06-14T12:35:00+04:00 Dubai,15.219764709472656°C,61.11%
2023-06-14T12:40:00+04:00 Dubai,15.07077407836914°C,61.11%
2023-06-14T12:45:00+04:00 Dubai,15.07077407836914°C,61.11%
2023-06-14T12:50:00+04:00 Dubai,15.07077407836914°C,61.11%
2023-06-14T12:55:00+04:00 Dubai,15.07077407836914°C,61.11%
2023-06-14T13:00:00+04:00 Dubai,15.07077407836914°C,61.11%
2023-06-14T13:05:00+04:00 Dubai,15.07077407836914°C,61.11%
2023-06-14T13:10:00+04:00 Dubai,15.07077407836914°C,61.11%
2023-06-14T13:15:00+04:00 Dubai,15.07077407836914°C,61.11%
2023-06-14T13:20:00+04:00 Dubai,15.07077407836914°C,61.11%
2023-06-14T13:25:00+04:00 Dubai,15.07077407836914°C,61.11%
2023-06-14T13:30:00+04:00 Dubai,15.07077407836914°C,61.11%
2023-06-14T13:35:00+04:00 Dubai,15.07077407836914°C,61.11%
2023-06-14T13:40:00+04:00 Dubai,14.921751976013184°C,61.11%
2023-06-14T13:45:00+04:00 Dubai,14.921751976013184°C,61.11%
2023-06-14T13:50:00+04:00 Dubai,14.921751976013184°C,61.11%
2023-06-14T13:55:00+04:00 Dubai,14.921751976013184°C,61.11%
2023-06-14T14:00:00+04:00 Dubai,14.921751976013184°C,61.11%
2023-06-14T14:05:00+04:00 Dubai,14.921751976013184°C,61.11%
2023-06-14T14:10:00+04:00 Dubai,14.921751976013184°C,61.11%
2023-06-14T14:15:00+04:00 Dubai,14.921751976013184°C,61.11%
2023-06-14T14:20:00+04:00 Dubai,14.921751976013184°C,61.11%
2023-06-14T14:25:00+04:00 Dubai,14.921751976013184°C,61.11%
2023-06-14T14:30:00+04:00 Dubai,14.921751976013184°C,61.11%
2023-06-14T14:35:00+04:00 Dubai,14.921751976013184°C,61.11%
2023-06-14T14:40:00+04:00 Dubai,14.772965431213379°C,61.11%
2023-06-14T14:45:00+04:00 Dubai,14.772965431213379°C,61.11%
2023-06-14T14:50:00+04:00 Dubai,14.772965431213379°C,61.11%
2023-06-14T14:55:00+04:00 Dubai,14.772965431213379°C,61.11%
2023-06-14T15:00:00+04:00 Dubai,14.772965431213379°C,61.11%
2023-06-14T15:05:00+04:00 Dubai,14.772965431213379°C,61.11%
2023-06-14T15:10:00+04:00 Dubai,14.772965431213379°C,61.11%
2023-06-14T15:15:00+04:00 Dubai,14.772965431213379°C,61.11%
2023-06-14T15:20:00+04:00 Dubai,14.772965431213379°C,61.11%
2023-06-14T15:25:00+04:00 Dubai,14.772965431213379°C,61.11%
2023-06-14T15:30:00+04:00 Dubai,14.623723983764648°C,61.11%
2023-06-14T15:35:00+04:00 Dubai,14.623723983764648°C,61.11%
2023-06-14T15:40:00+04:00 Dubai,14.623723983764648°C,61.11%
2023-06-14T15:45:00+04:00 Dubai,14.623723983764648°C,61.11%
2023-06-14T15:50:00+04:00 Dubai,14.623723983764648°C,61.11%
2023-06-14T15:55:00+04:00 Dubai,14.623723983764648°C,61.11%
2023-06-14T16:00:00+04:00 Dubai,14.623723983764648°C,61.11%
2023-06-14T16:05:00+04:00 Dubai,14.623723983764648°C,61.11%
2023-06-14T16:10:00+04:00 Dubai,14.474623680114746°C,61.11%
2023-06-14T16:15:00+04:00 Dubai,14.474623680114746°C,61.11%
2023-06-14T16:20:00+04:00 Dubai,14.474623680114746°C,61.11%
2023-06-14T16:25:00+04:00 Dubai,14.474623680114746°C,60.11%
2023-06-14T16:30:00+04:00 Dubai,14.474623680114746°C,59.08%
2023-06-14T16:35:00+04:00 Dubai,14.474623680114746°C,59.08%
2023-06-14T16:40:00+04:00 Dubai,14.474623680114746°C,59.08%
2023-06-14T16:45:00+04:00 Dubai,14.474623680114746°C,57.81%
2023-06-14T16:50:00+04:00 Dubai,14.474623680114746°C,57.81%
2023-06-14T16:55:00+04:00 Dubai,14.324373245239258°C,56.63%
2023-06-14T17:00:00+04:00 Dubai,14.324373245239258°C,55.15%
2023-06-14T17:05:00+04:00 Dubai,14.324373245239258°C,56.20%
2023-06-14T17:10:00+04:00 Dubai,14.324373245239258°C,56.20%
2023-06-14T17:15:00+04:00 Dubai,14.472952842712402°C,56.20%
2023-06-14T17:20:00+04:00 Dubai,14.472952842712402°C,56.20%
2023-06-14T17:25:00+04:00 Dubai,14.472952842712402°C,56.20%
2023-06-14T17:30:00+04:00 Dubai,14.472952842712402°C,56.20%
2023-06-14T17:35:00+04:00 Dubai,14.472952842712402°C,56.20%
2023-06-14T17:40:00+04:00 Dubai,14.472952842712402°C,56.20%
2023-06-14T17:45:00+04:00 Dubai,14.472952842712402°C,54.87%
2023-06-14T17:50:00+04:00 Dubai,14.472952842712402°C,54.87%
2023-06-14T17:55:00+04:00 Dubai,14.472952842712402°C,54.87%
2023-06-14T18:00:00+04:00 Dubai,14.472952842712402°C,53.80%
2023-06-14T18:05:00+04:00 Dubai,14.472952842712402°C,53.80%
2023-06-14T18:10:00+04:00 Dubai,14.323873519897461°C,52.49%
2023-06-14T18:15:00+04:00 Dubai,14.477948188781738°C,52.49%
2023-06-14T18:20:00+04:00 Dubai,14.477948188781738°C,52.49%
2023-06-14T18:25:00+04:00 Dubai,14.477948188781738°C,52.49%
2023-06-14T18:30:00+04:00 Dubai,14.477948188781738°C,51.34%
2023-06-14T18:35:00+04:00 Dubai,14.477948188781738°C,51.34%
2023-06-14T18:40:00+04:00 Dubai,14.32545280456543°C,49.11%
2023-06-14T18:45:00+04:00 Dubai,14.32545280456543°C,48.09%
2023-06-14T18:50:00+04:00 Dubai,14.32545280456543°C,48.09%
2023-06-14T18:55:00+04:00 Dubai,14.32545280456543°C,48.09%
2023-06-14T19:00:00+04:00 Dubai,14.32545280456543°C,48.09%
2023-06-14T19:05:00+04:00 Dubai,14.32545280456543°C,45.23%
2023-06-14T19:10:00+04:00 Dubai,14.175204277038574°C,43.76%
2023-06-14T19:15:00+04:00 Dubai,14.478476524353027°C,44.87%
2023-06-14T19:20:00+04:00 Dubai,14.630047798156738°C,44.87%
2023-06-14T19:25:00+04:00 Dubai,14.630047798156738°C,44.87%
2023-06-14T19:30:00+04:00 Dubai,14.630047798156738°C,44.87%
2023-06-14T19:35:00+04:00 Dubai,14.630047798156738°C,44.87%
2023-06-14T19:40:00+04:00 Dubai,14.778630256652832°C,44.87%
2023-06-14T19:45:00+04:00 Dubai,14.778630256652832°C,44.87%
2023-06-14T19:50:00+04:00 Dubai,14.928881645202637°C,44.87%
2023-06-14T19:55:00+04:00 Dubai,14.928881645202637°C,44.87%
2023-06-14T20:00:00+04:00 Dubai,14.928881645202637°C,44.87%
2023-06-14T20:05:00+04:00 Dubai,14.928881645202637°C,44.87%
2023-06-14T20:10:00+04:00 Dubai,14.928881645202637°C,44.87%
2023-06-14T20:15:00+04:00 Dubai,14.928881645202637°C,44.87%
2023-06-14T20:20:00+04:00 Dubai,14.928881645202637°C,44.87%
2023-06-14T20:25:00+04:00 Dubai,14.928881645202637°C,44.87%
2023-06-14T20:30:00+04:00 Dubai,14.928881645202637°C,44.87%
2023-06-14T20:35:00+04:00 Dubai,14.928881645202637°C,44.87%
2023-06-14T20:40:00+04:00 Dubai,14.928881645202637°C,44.87%
2023-06-14T20:45:00+04:00 Dubai,14.928881645202637°C,44.87%
2023-06-14T20:50:00+04:00 Dubai,14.928881645202637°C,44.87%
2023-06-14T20:55:00+04:00 Dubai,14.928881645202637°C,44.87%
2023-06-14T21:00:00+04:00 Dubai,14.928881645202637°C,44.87%
2023-06-14T21:05:00+04:00 Dubai,14.928881645202637°C,44.87%
2023-06-14T21:10:00+04:00 Dubai,14.928881645202637°C,44.87%
2023-06-14T21:15:00+04:00 Dubai,14.928881645202637°C,44.87%
2023-06-14T21:20:00+04:00 Dubai,14.928881645202637°C,44.87%
2023-06-14T21:25:00+04:00 Dubai,14.928881645202637°C,44.87%
2023-06-14T21:30:00+04:00 Dubai,14.928881645202637°C,44.87%
2023-06-14T21:35:00+04:00 Dubai,14.928881645202637°C,44.87%
2023-06-14T21:40:00+04:00 Dubai,14.928881645202637°C,44.87%
2023-06-14T21:45:00+04:00 Dubai,14.928881645202637°C,44.87%
2023-06-14T21:50:00+04:00 Dubai,14.928881645202637°C,44.87%
2023-06-14T21:55:00+04:00 Dubai,14.928881645202637°C,44.87%
2023-06-14T22:00:00+04:00 Dubai,14.928881645202637°C,44.87%
2023-06-14T22:05:00+04:00 Dubai,14.928881645202637°C,44.87%
2023-06-14T22:10:00+04:00 Dubai,14.928881645202637°C,44.87%
2023-06-14T22:15:00+04:00 Dubai,14.780061721801758°C,44.87%
2023-06-14T22:20:00+04:00 Dubai,14.780061721801758°C,44.87%
2023-06-14T22:25:00+04:00 Dubai,14.780061721801758°C,44.87%
2023-06-14T22:30:00+04:00 Dubai,14.780061721801758°C,44.87%
2023-06-14T22:35:00+04:00 Dubai,14.780061721801758°C,44.87%
2023-06-14T22:40:00+04:00 Dubai,14.780061721801758°C,44.87%
2023-06-14T22:45:00+04:00 Dubai,14.780061721801758°C,44.87%
2023-06-14T22:50:00+04:00 Dubai,14.780061721801758°C,44.87%
2023-06-14T22:55:00+04:00 Dubai,14.780061721801758°C,44.87%
2023-06-14T23:00:00+04:00 Dubai,14.780061721801758°C,44.87%
2023-06-14T23:05:00+04:00 Dubai,14.780061721801758°C,44.87%
2023-06-14T23:10:00+04:00 Dubai,14.780061721801758°C,44.87%
2023-06-14T23:15:00+04:00 Dubai,14.780061721801758°C,44.87%
2023-06-14T23:20:00+04:00 Dubai,14.780061721801758°C,44.87%
2023-06-14T23:25:00+04:00 Dubai,14.780061721801758°C,44.87%
2023-06-14T23:30:00+04:00 Dubai,14.780061721801758°C,44.87%
2023-06-14T23:35:00+04:00 Dubai,14.780061721801758°C,44.87%
2023-06-14T23:40:00+04:00 Dubai,14.780061721801758°C,44.87%
2023-06-14T23:45:00+04:00 Dubai,14.780061721801758°C,44.87%
2023-06-14T23:50:00+04:00 Dubai,14.780061721801758°C,44.87%
2023-06-14T23:55:00+04:00 Dubai,14.780061721801758°C,44.87%
2023-06-15T00:00:00+04:00 Dubai,16.804420471191406°C,29.89%
2023-06-15T00:05:00+04:00 Dubai,16.961217880249023°C,26.90%
2023-06-15T00:10:00+04:00 Dubai,16.94234275817871°C,25.31%
2023-06-15T00:15:00+04:00 Dubai,17.404727935791016°C,30.09%
2023-06-15T00:20:00+04:00 Dubai,17.704294204711914°C,30.09%
2023-06-15T00:25:00+04:00 Dubai,17.854351043701172°C,30.09%
2023-06-15T00:30:00+04:00 Dubai,17.854351043701172°C,30.09%
2023-06-15T00:35:00+04:00 Dubai,18.003551483154297°C,30.09%
2023-06-15T00:40:00+04:00 Dubai,18.152162551879883°C,30.09%
2023-06-15T00:45:00+04:00 Dubai,18.303457260131836°C,30.09%
2023-06-15T00:50:00+04:00 Dubai,18.303457260131836°C,30.09%
2023-06-15T00:55:00+04:00 Dubai,18.452442169189453°C,30.09%
2023-06-15T01:00:00+04:00 Dubai,18.452442169189453°C,30.09%
2023-06-15T01:05:00+04:00 Dubai,18.604137420654297°C,31.20%
2023-06-15T01:10:00+04:00 Dubai,18.604137420654297°C,32.26%
2023-06-15T01:15:00+04:00 Dubai,18.29985237121582°C,32.26%
2023-06-15T01:20:00+04:00 Dubai,18.29985237121582°C,32.26%
2023-06-15T01:25:00+04:00 Dubai,18.29985237121582°C,32.26%
2023-06-15T01:30:00+04:00 Dubai,18.29985237121582°C,32.26%
2023-06-15T01:35:00+04:00 Dubai,18.29985237121582°C,32.26%
2023-06-15T01:40:00+04:00 Dubai,18.29985237121582°C,32.26%
2023-06-15T01:45:00+04:00 Dubai,18.29985237121582°C,32.26%
2023-06-15T01:50:00+04:00 Dubai,18.29985237121582°C,32.26%
2023-06-15T01:55:00+04:00 Dubai,18.151283264160156°C,32.26%
2023-06-15T02:00:00+04:00 Dubai,18.151283264160156°C,32.26%
2023-06-15T02:05:00+04:00 Dubai,18.151283264160156°C,32.26%
2023-06-15T02:10:00+04:00 Dubai,18.151283264160156°C,32.26%
2023-06-15T02:15:00+04:00 Dubai,18.151283264160156°C,32.26%
2023-06-15T02:20:00+04:00 Dubai,18.151283264160156°C,32.26%
2023-06-15T02:25:00+04:00 Dubai,18.151283264160156°C,32.26%
2023-06-15T02:30:00+04:00 Dubai,18.151283264160156°C,32.26%
2023-06-15T02:35:00+04:00 Dubai,18.151283264160156°C,32.26%
2023-06-15T02:40:00+04:00 Dubai,18.151283264160156°C,32.26%
2023-06-15T02:45:00+04:00 Dubai,18.151283264160156°C,32.26%
2023-06-15T02:50:00+04:00 Dubai,18.151283264160156°C,32.26%
2023-06-15T02:55:00+04:00 Dubai,18.151283264160156°C,32.26%
2023-06-15T03:00:00+04:00 Dubai,18.151283264160156°C,32.26%
2023-06-15T03:05:00+04:00 Dubai,18.151283264160156°C,32.26%
2023-06-15T03:10:00+04:00 Dubai,18.151283264160156°C,32.26%
2023-06-15T03:15:00+04:00 Dubai,18.151283264160156°C,32.26%
2023-06-15T03:20:00+04:00 Dubai,18.151283264160156°C,32.26%
2023-06-15T03:25:00+04:00 Dubai,18.151283264160156°C,32.26%
2023-06-15T03:30:00+04:00 Dubai,18.151283264160156°C,32.26%
2023-06-15T03:35:00+04:00 Dubai,18.151283264160156°C,32.26%
2023-06-15T03:40:00+04:00 Dubai,18.151283264160156°C,32.26%
2023-06-15T03:45:00+04:00 Dubai,18.001300811767578°C,32.26%
2023-06-15T03:50:00+04:00 Dubai,18.001300811767578°C,32.26%
2023-06-15T03:55:00+04:00 Dubai,18.001300811767578°C,32.26%
2023-06-15T04:00:00+04:00 Dubai,18.001300811767578°C,32.26%
2023-06-15T04:05:00+04:00 Dubai,18.001300811767578°C,32.26%
2023-06-15T04:10:00+04:00 Dubai,18.001300811767578°C,32.26%
2023-06-15T04:15:00+04:00 Dubai,18.001300811767578°C,32.26%
2023-06-15T04:20:00+04:00 Dubai,18.001300811767578°C,32.26%
2023-06-15T04:25:00+04:00 Dubai,18.001300811767578°C,32.26%
2023-06-15T04:30:00+04:00 Dubai,17.852752685546875°C,32.26%
2023-06-15T04:35:00+04:00 Dubai,17.852752685546875°C,32.26%
2023-06-15T04:40:00+04:00 Dubai,17.852752685546875°C,32.26%
2023-06-15T04:45:00+04:00 Dubai,17.852752685546875°C,32.26%
2023-06-15T04:50:00+04:00 Dubai,17.852752685546875°C,32.26%
2023-06-15T04:55:00+04:00 Dubai,17.852752685546875°C,32.26%
2023-06-15T05:00:00+04:00 Dubai,17.852752685546875°C,32.26%
2023-06-15T05:05:00+04:00 Dubai,17.852752685546875°C,32.26%
2023-06-15T05:10:00+04:00 Dubai,17.852752685546875°C,32.26%
2023-06-15T05:15:00+04:00 Dubai,17.852752685546875°C,32.26%
2023-06-15T05:20:00+04:00 Dubai,17.852752685546875°C,32.26%
2023-06-15T05:25:00+04:00 Dubai,17.852752685546875°C,32.26%
2023-06-15T05:30:00+04:00 Dubai,17.852752685546875°C,32.26%
2023-06-15T05:35:00+04:00 Dubai,17.852752685546875°C,32.26%
2023-06-15T05:40:00+04:00 Dubai,17.852752685546875°C,32.26%
2023-06-15T05:45:00+04:00 Dubai,17.852752685546875°C,32.26%
2023-06-15T05:50:00+04:00 Dubai,17.852752685546875°C,32.26%
2023-06-15T05:55:00+04:00 Dubai,17.852752685546875°C,32.26%
2023-06-15T06:00:00+04:00 Dubai,17.852752685546875°C,32.26%
2023-06-15T06:05:00+04:00 Dubai,16.09446907043457°C,43.65%
2023-06-15T06:10:00+04:00 Dubai,16.09446907043457°C,45.49%
2023-06-15T06:15:00+04:00 Dubai,15.943795204162598°C,46.54%
2023-06-15T06:20:00+04:00 Dubai,15.794576644897461°C,46.54%
2023-06-15T06:25:00+04:00 Dubai,15.644198417663574°C,46.54%
2023-06-15T06:30:00+04:00 Dubai,15.345304489135742°C,45.35%
2023-06-15T06:35:00+04:00 Dubai,15.345304489135742°C,45.35%
2023-06-15T06:40:00+04:00 Dubai,15.196539878845215°C,45.35%
2023-06-15T06:45:00+04:00 Dubai,15.196539878845215°C,45.35%
2023-06-15T06:50:00+04:00 Dubai,15.196539878845215°C,45.35%
2023-06-15T06:55:00+04:00 Dubai,15.196539878845215°C,45.35%
2023-06-15T07:00:00+04:00 Dubai,15.196539878845215°C,45.35%
2023-06-15T07:05:00+04:00 Dubai,15.65042495727539°C,45.35%
2023-06-15T07:10:00+04:00 Dubai,15.951851844787598°C,50.92%
2023-06-15T07:15:00+04:00 Dubai,15.951851844787598°C,53.34%
2023-06-15T07:20:00+04:00 Dubai,15.951851844787598°C,54.49%
2023-06-15T07:25:00+04:00 Dubai,15.951851844787598°C,56.97%
2023-06-15T07:30:00+04:00 Dubai,15.951851844787598°C,58.71%
2023-06-15T07:35:00+04:00 Dubai,15.951851844787598°C,59.83%
2023-06-15T07:40:00+04:00 Dubai,15.803296089172363°C,62.09%
2023-06-15T07:45:00+04:00 Dubai,15.803296089172363°C,63.20%
2023-06-15T07:50:00+04:00 Dubai,15.803296089172363°C,64.37%
2023-06-15T07:55:00+04:00 Dubai,15.803296089172363°C,64.37%
2023-06-15T08:00:00+04:00 Dubai,15.803296089172363°C,66.49%
2023-06-15T08:05:00+04:00 Dubai,15.803296089172363°C,67.67%
2023-06-15T08:10:00+04:00 Dubai,15.803296089172363°C,68.88%
2023-06-15T08:15:00+04:00 Dubai,15.803296089172363°C,70.16%
2023-06-15T08:20:00+04:00 Dubai,15.803296089172363°C,71.35%
2023-06-15T08:25:00+04:00 Dubai,15.803296089172363°C,73.74%
2023-06-15T08:30:00+04:00 Dubai,15.803296089172363°C,74.93%
2023-06-15T08:35:00+04:00 Dubai,15.803296089172363°C,77.28%
2023-06-15T08:40:00+04:00 Dubai,15.803296089172363°C,78.45%
2023-06-15T08:45:00+04:00 Dubai,15.803296089172363°C,81.10%
2023-06-15T08:50:00+04:00 Dubai,15.803296089172363°C,83.70%
2023-06-15T08:55:00+04:00 Dubai,15.803296089172363°C,84.98%
2023-06-15T09:00:00+04:00 Dubai,15.952339172363281°C,87.78%
2023-06-15T09:05:00+04:00 Dubai,15.952339172363281°C,90.32%
2023-06-15T09:10:00+04:00 Dubai,15.952339172363281°C,93.24%
2023-06-15T09:15:00+04:00 Dubai,15.952339172363281°C,95.98%
2023-06-15T09:20:00+04:00 Dubai,16.1009578704834°C,100%
2023-06-15T09:25:00+04:00 Dubai,15.949048042297363°C,100%
2023-06-15T09:30:00+04:00 Dubai,14.66311264038086°C,97.09%
2023-06-15T09:35:00+04:00 Dubai,13.567768096923828°C,86.13%
2023-06-15T09:40:00+04:00 Dubai,13.567768096923828°C,80.57%
2023-06-15T09:45:00+04:00 Dubai,13.567768096923828°C,76.16%
2023-06-15T09:50:00+04:00 Dubai,13.567768096923828°C,73.45%
2023-06-15T09:55:00+04:00 Dubai,13.717238426208496°C,68.93%
2023-06-15T10:00:00+04:00 Dubai,13.717238426208496°C,67.21%
2023-06-15T10:05:00+04:00 Dubai,13.865818977355957°C,65.00%
2023-06-15T10:10:00+04:00 Dubai,13.865818977355957°C,62.86%
2023-06-15T10:15:00+04:00 Dubai,14.01464557647705°C,61.80%
2023-06-15T10:20:00+04:00 Dubai,14.01464557647705°C,59.63%
2023-06-15T10:25:00+04:00 Dubai,14.163863182067871°C,59.63%
2023-06-15T10:30:00+04:00 Dubai,14.163863182067871°C,58.57%
2023-06-15T10:35:00+04:00 Dubai,14.315415382385254°C,58.57%
2023-06-15T10:40:00+04:00 Dubai,14.315415382385254°C,58.57%
2023-06-15T10:45:00+04:00 Dubai,14.464792251586914°C,58.57%
2023-06-15T10:50:00+04:00 Dubai,14.464792251586914°C,58.57%
2023-06-15T10:55:00+04:00 Dubai,14.464792251586914°C,58.57%
2023-06-15T11:00:00+04:00 Dubai,14.464792251586914°C,58.57%
2023-06-15T11:05:00+04:00 Dubai,14.464792251586914°C,58.57%
2023-06-15T11:10:00+04:00 Dubai,14.464792251586914°C,58.57%
2023-06-15T11:15:00+04:00 Dubai,14.464792251586914°C,58.57%
2023-06-15T11:20:00+04:00 Dubai,14.464792251586914°C,58.57%
2023-06-15T11:25:00+04:00 Dubai,14.614330291748047°C,58.57%
2023-06-15T11:30:00+04:00 Dubai,14.614330291748047°C,58.57%
2023-06-15T11:35:00+04:00 Dubai,14.614330291748047°C,58.57%
2023-06-15T11:40:00+04:00 Dubai,14.614330291748047°C,58.57%
2023-06-15T11:45:00+04:00 Dubai,14.614330291748047°C,58.57%
2023-06-15T11:50:00+04:00 Dubai,14.614330291748047°C,58.57%
2023-06-15T11:55:00+04:00 Dubai,14.614330291748047°C,58.57%
2023-06-15T12:00:00+04:00 Dubai,14.614330291748047°C,58.57%
2023-06-15T12:05:00+04:00 Dubai,14.614330291748047°C,58.57%
2023-06-15T12:10:00+04:00 Dubai,14.763710021972656°C,58.57%
2023-06-15T12:15:00+04:00 Dubai,14.763710021972656°C,58.57%
2023-06-15T12:20:00+04:00 Dubai,14.763710021972656°C,58.57%
2023-06-15T12:25:00+04:00 Dubai,14.763710021972656°C,58.57%
2023-06-15T12:30:00+04:00 Dubai,14.763710021972656°C,58.57%
2023-06-15T12:35:00+04:00 Dubai,14.763710021972656°C,58.57%
2023-06-15T12:40:00+04:00 Dubai,14.763710021972656°C,58.57%
2023-06-15T12:45:00+04:00 Dubai,14.763710021972656°C,58.57%
2023-06-15T12:50:00+04:00 Dubai,14.763710021972656°C,58.57%
2023-06-15T12:55:00+04:00 Dubai,14.763710021972656°C,58.57%
2023-06-15T13:00:00+04:00 Dubai,14.763710021972656°C,58.57%
2023-06-15T13:05:00+04:00 Dubai,14.763710021972656°C,58.57%
2023-06-15T13:10:00+04:00 Dubai,14.763710021972656°C,58.57%
2023-06-15T13:15:00+04:00 Dubai,14.763710021972656°C,58.57%
2023-06-15T13:20:00+04:00 Dubai,14.763710021972656°C,58.57%
2023-06-15T13:25:00+04:00 Dubai,14.763710021972656°C,58.57%
2023-06-15T13:30:00+04:00 Dubai,14.763710021972656°C,58.57%
2023-06-15T13:35:00+04:00 Dubai,14.763710021972656°C,58.57%
2023-06-15T13:40:00+04:00 Dubai,14.763710021972656°C,58.57%
2023-06-15T13:45:00+04:00 Dubai,14.763710021972656°C,58.57%
2023-06-15T13:50:00+04:00 Dubai,14.763710021972656°C,58.57%
2023-06-15T13:55:00+04:00 Dubai,14.763710021972656°C,58.57%
2023-06-15T14:00:00+04:00 Dubai,14.763710021972656°C,58.57%
2023-06-15T14:05:00+04:00 Dubai,14.763710021972656°C,58.57%
2023-06-15T14:10:00+04:00 Dubai,14.763710021972656°C,58.57%
2023-06-15T14:15:00+04:00 Dubai,14.763710021972656°C,58.57%
2023-06-15T14:20:00+04:00 Dubai,14.612936973571777°C,58.57%
2023-06-15T14:25:00+04:00 Dubai,14.612936973571777°C,58.57%
2023-06-15T14:30:00+04:00 Dubai,14.612936973571777°C,58.57%
2023-06-15T14:35:00+04:00 Dubai,14.612936973571777°C,58.57%
2023-06-15T14:40:00+04:00 Dubai,14.612936973571777°C,58.57%
2023-06-15T14:45:00+04:00 Dubai,14.612936973571777°C,58.57%
2023-06-15T14:50:00+04:00 Dubai,14.612936973571777°C,58.57%
2023-06-15T14:55:00+04:00 Dubai,14.612936973571777°C,58.57%
2023-06-15T15:00:00+04:00 Dubai,14.612936973571777°C,58.57%
2023-06-15T15:05:00+04:00 Dubai,14.612936973571777°C,58.57%
2023-06-15T15:10:00+04:00 Dubai,14.612936973571777°C,58.57%
2023-06-15T15:15:00+04:00 Dubai,14.612936973571777°C,58.57%
2023-06-15T15:20:00+04:00 Dubai,14.612936973571777°C,58.57%
2023-06-15T15:25:00+04:00 Dubai,14.612936973571777°C,58.57%
2023-06-15T15:30:00+04:00 Dubai,14.612936973571777°C,58.57%
2023-06-15T15:35:00+04:00 Dubai,14.612936973571777°C,58.57%
2023-06-15T15:40:00+04:00 Dubai,14.612936973571777°C,58.57%
2023-06-15T15:45:00+04:00 Dubai,14.612936973571777°C,58.57%
2023-06-15T15:50:00+04:00 Dubai,14.612936973571777°C,58.57%
2023-06-15T15:55:00+04:00 Dubai,14.612936973571777°C,58.57%
2023-06-15T16:00:00+04:00 Dubai,14.612936973571777°C,58.57%
2023-06-15T16:05:00+04:00 Dubai,14.612936973571777°C,58.57%
2023-06-15T16:10:00+04:00 Dubai,14.612936973571777°C,58.57%
2023-06-15T16:15:00+04:00 Dubai,14.612936973571777°C,58.57%
2023-06-15T16:20:00+04:00 Dubai,14.612936973571777°C,58.57%
2023-06-15T16:25:00+04:00 Dubai,14.612936973571777°C,58.57%
2023-06-15T16:30:00+04:00 Dubai,14.612936973571777°C,58.57%
2023-06-15T16:35:00+04:00 Dubai,14.612936973571777°C,58.57%
2023-06-15T16:40:00+04:00 Dubai,14.612936973571777°C,58.57%
2023-06-15T16:45:00+04:00 Dubai,14.46317195892334°C,57.23%
2023-06-15T16:50:00+04:00 Dubai,14.46317195892334°C,57.23%
2023-06-15T16:55:00+04:00 Dubai,14.46317195892334°C,55.82%
2023-06-15T17:00:00+04:00 Dubai,14.46317195892334°C,56.89%
2023-06-15T17:05:00+04:00 Dubai,14.46317195892334°C,56.89%
2023-06-15T17:10:00+04:00 Dubai,14.46317195892334°C,56.89%
2023-06-15T17:15:00+04:00 Dubai,14.46317195892334°C,56.89%
2023-06-15T17:20:00+04:00 Dubai,14.46317195892334°C,55.75%
2023-06-15T17:25:00+04:00 Dubai,14.46317195892334°C,55.75%
2023-06-15T17:30:00+04:00 Dubai,14.46317195892334°C,54.73%
2023-06-15T17:35:00+04:00 Dubai,14.314435005187988°C,52.67%
2023-06-15T17:40:00+04:00 Dubai,14.314435005187988°C,52.67%
2023-06-15T17:45:00+04:00 Dubai,14.314435005187988°C,52.67%
2023-06-15T17:50:00+04:00 Dubai,14.314435005187988°C,52.67%
2023-06-15T17:55:00+04:00 Dubai,14.314435005187988°C,51.63%
2023-06-15T18:00:00+04:00 Dubai,14.314435005187988°C,51.63%
2023-06-15T18:05:00+04:00 Dubai,14.314435005187988°C,50.44%
2023-06-15T18:10:00+04:00 Dubai,14.314435005187988°C,50.44%
2023-06-15T18:15:00+04:00 Dubai,14.314435005187988°C,50.44%
2023-06-15T18:20:00+04:00 Dubai,14.314435005187988°C,49.39%
2023-06-15T18:25:00+04:00 Dubai,14.463032722473145°C,48.29%
2023-06-15T18:30:00+04:00 Dubai,14.463032722473145°C,48.29%
2023-06-15T18:35:00+04:00 Dubai,14.463032722473145°C,48.29%
2023-06-15T18:40:00+04:00 Dubai,14.463032722473145°C,48.29%
2023-06-15T18:45:00+04:00 Dubai,14.463032722473145°C,48.29%
2023-06-15T18:50:00+04:00 Dubai,14.463032722473145°C,47.29%
2023-06-15T18:55:00+04:00 Dubai,14.463032722473145°C,46.16%
2023-06-15T19:00:00+04:00 Dubai,14.463032722473145°C,45.03%
2023-06-15T19:05:00+04:00 Dubai,14.160995483398438°C,42.49%
2023-06-15T19:10:00+04:00 Dubai,14.461904525756836°C,43.90%
2023-06-15T19:15:00+04:00 Dubai,14.611233711242676°C,43.90%
2023-06-15T19:20:00+04:00 Dubai,14.611233711242676°C,43.90%
2023-06-15T19:25:00+04:00 Dubai,14.611233711242676°C,43.90%
2023-06-15T19:30:00+04:00 Dubai,14.611233711242676°C,43.90%
2023-06-15T19:35:00+04:00 Dubai,14.611233711242676°C,43.90%
2023-06-15T19:40:00+04:00 Dubai,14.611233711242676°C,43.90%
2023-06-15T19:45:00+04:00 Dubai,14.611233711242676°C,43.90%
2023-06-15T19:50:00+04:00 Dubai,14.611233711242676°C,43.90%
2023-06-15T19:55:00+04:00 Dubai,14.611233711242676°C,43.90%
2023-06-15T20:00:00+04:00 Dubai,14.611233711242676°C,43.90%
2023-06-15T20:05:00+04:00 Dubai,14.611233711242676°C,43.90%
2023-06-15T20:10:00+04:00 Dubai,14.611233711242676°C,43.90%
2023-06-15T20:15:00+04:00 Dubai,14.611233711242676°C,43.90%
2023-06-15T20:20:00+04:00 Dubai,14.611233711242676°C,43.90%
2023-06-15T20:25:00+04:00 Dubai,14.462151527404785°C,43.90%
2023-06-15T20:30:00+04:00 Dubai,14.462151527404785°C,43.90%
2023-06-15T20:35:00+04:00 Dubai,14.462151527404785°C,42.74%
2023-06-15T20:40:00+04:00 Dubai,14.462151527404785°C,42.74%
2023-06-15T20:45:00+04:00 Dubai,14.462151527404785°C,41.73%
2023-06-15T20:50:00+04:00 Dubai,14.462151527404785°C,41.73%
2023-06-15T20:55:00+04:00 Dubai,14.462151527404785°C,40.69%
2023-06-15T21:00:00+04:00 Dubai,14.462151527404785°C,40.69%
2023-06-15T21:05:00+04:00 Dubai,14.462151527404785°C,39.54%
2023-06-15T21:10:00+04:00 Dubai,14.462151527404785°C,38.42%
2023-06-15T21:15:00+04:00 Dubai,14.766410827636719°C,39.60%
2023-06-15T21:20:00+04:00 Dubai,14.766410827636719°C,39.60%
2023-06-15T21:25:00+04:00 Dubai,14.766410827636719°C,39.60%
2023-06-15T21:30:00+04:00 Dubai,14.766410827636719°C,39.60%
2023-06-15T21:35:00+04:00 Dubai,14.766410827636719°C,39.60%
2023-06-15T21:40:00+04:00 Dubai,14.766410827636719°C,39.60%
2023-06-15T21:45:00+04:00 Dubai,14.766410827636719°C,39.60%
2023-06-15T21:50:00+04:00 Dubai,14.766410827636719°C,39.60%
2023-06-15T21:55:00+04:00 Dubai,14.915848731994629°C,39.60%
2023-06-15T22:00:00+04:00 Dubai,14.915848731994629°C,39.60%
2023-06-15T22:05:00+04:00 Dubai,14.915848731994629°C,39.60%
2023-06-15T22:10:00+04:00 Dubai,14.915848731994629°C,39.60%
2023-06-15T22:15:00+04:00 Dubai,14.915848731994629°C,39.60%
2023-06-15T22:20:00+04:00 Dubai,14.915848731994629°C,39.60%
2023-06-15T22:25:00+04:00 Dubai,14.915848731994629°C,39.60%
2023-06-15T22:30:00+04:00 Dubai,14.915848731994629°C,39.60%
2023-06-15T22:35:00+04:00 Dubai,14.915848731994629°C,39.60%
2023-06-15T22:40:00+04:00 Dubai,14.915848731994629°C,39.60%
2023-06-15T22:45:00+04:00 Dubai,14.915848731994629°C,39.60%
2023-06-15T22:50:00+04:00 Dubai,14.915848731994629°C,39.60%
2023-06-15T22:55:00+04:00 Dubai,15.064440727233887°C,39.60%
2023-06-15T23:00:00+04:00 Dubai,15.064440727233887°C,39.60%
2023-06-15T23:05:00+04:00 Dubai,15.064440727233887°C,39.60%
2023-06-15T23:10:00+04:00 Dubai,15.064440727233887°C,39.60%
2023-06-15T23:15:00+04:00 Dubai,15.064440727233887°C,39.60%
2023-06-15T23:20:00+04:00 Dubai,15.064440727233887°C,39.60%
2023-06-15T23:25:00+04:00 Dubai,15.064440727233887°C,39.60%
2023-06-15T23:30:00+04:00 Dubai,15.064440727233887°C,39.60%
2023-06-15T23:35:00+04:00 Dubai,15.064440727233887°C,39.60%
2023-06-15T23:40:00+04:00 Dubai,15.064440727233887°C,39.60%
2023-06-15T23:45:00+04:00 Dubai,15.064440727233887°C,39.60%
2023-06-15T23:50:00+04:00 Dubai,15.064440727233887°C,39.60%
2023-06-15T23:55:00+04:00 Dubai,15.064440727233887°C,39.60%
2023-06-16T00:00:00+04:00 Dubai,17.013254165649414°C,27.16%
2023-06-16T00:05:00+04:00 Dubai,17.162961959838867°C,27.16%
2023-06-16T00:10:00+04:00 Dubai,16.742290496826172°C,19.83%
2023-06-16T00:15:00+04:00 Dubai,17.198780059814453°C,0%
2023-06-16T00:20:00+04:00 Dubai,18.122150421142578°C,0%
2023-06-16T00:25:00+04:00 Dubai,19.055978775024414°C,0%
2023-06-16T00:30:00+04:00 Dubai,19.816486358642578°C,0%
2023-06-16T00:35:00+04:00 Dubai,20.42652702331543°C,0%
2023-06-16T00:40:00+04:00 Dubai,21.043045043945312°C,0%
2023-06-16T00:45:00+04:00 Dubai,20.875999450683594°C,9.27%
2023-06-16T00:50:00+04:00 Dubai,21.649688720703125°C,31.23%
2023-06-16T00:55:00+04:00 Dubai,20.006258010864258°C,27.59%
2023-06-16T01:00:00+04:00 Dubai,19.551334381103516°C,27.67%
2023-06-16T01:05:00+04:00 Dubai,19.091808319091797°C,26.14%
2023-06-16T01:10:00+04:00 Dubai,19.091808319091797°C,28.72%
2023-06-16T01:15:00+04:00 Dubai,19.091808319091797°C,29.73%
2023-06-16T01:20:00+04:00 Dubai,18.79330062866211°C,31.03%
2023-06-16T01:25:00+04:00 Dubai,18.79330062866211°C,31.03%
2023-06-16T01:30:00+04:00 Dubai,18.644784927368164°C,31.03%
2023-06-16T01:35:00+04:00 Dubai,18.644784927368164°C,31.03%
2023-06-16T01:40:00+04:00 Dubai,18.496200561523438°C,31.03%
2023-06-16T01:45:00+04:00 Dubai,18.496200561523438°C,31.03%
2023-06-16T01:50:00+04:00 Dubai,18.346969604492188°C,31.03%
2023-06-16T01:55:00+04:00 Dubai,18.346969604492188°C,31.03%
2023-06-16T02:00:00+04:00 Dubai,18.346969604492188°C,31.03%
2023-06-16T02:05:00+04:00 Dubai,18.19542121887207°C,31.03%
2023-06-16T02:10:00+04:00 Dubai,18.046064376831055°C,31.03%
2023-06-16T02:15:00+04:00 Dubai,18.046064376831055°C,31.03%
2023-06-16T02:20:00+04:00 Dubai,18.046064376831055°C,31.03%
2023-06-16T02:25:00+04:00 Dubai,17.896564483642578°C,31.03%
2023-06-16T02:30:00+04:00 Dubai,17.896564483642578°C,31.03%
2023-06-16T02:35:00+04:00 Dubai,17.896564483642578°C,31.03%
2023-06-16T02:40:00+04:00 Dubai,17.7457275390625°C,31.03%
2023-06-16T02:45:00+04:00 Dubai,17.7457275390625°C,31.03%
2023-06-16T02:50:00+04:00 Dubai,17.7457275390625°C,31.03%
2023-06-16T02:55:00+04:00 Dubai,17.7457275390625°C,31.03%
2023-06-16T03:00:00+04:00 Dubai,17.7457275390625°C,31.03%
2023-06-16T03:05:00+04:00 Dubai,17.7457275390625°C,31.03%
2023-06-16T03:10:00+04:00 Dubai,17.7457275390625°C,31.03%
2023-06-16T03:15:00+04:00 Dubai,17.7457275390625°C,31.03%
2023-06-16T03:20:00+04:00 Dubai,17.596935272216797°C,31.03%
2023-06-16T03:25:00+04:00 Dubai,17.596935272216797°C,31.03%
2023-06-16T03:30:00+04:00 Dubai,17.596935272216797°C,31.03%
2023-06-16T03:35:00+04:00 Dubai,17.596935272216797°C,31.03%
2023-06-16T03:40:00+04:00 Dubai,17.596935272216797°C,31.03%
2023-06-16T03:45:00+04:00 Dubai,17.596935272216797°C,31.03%
2023-06-16T03:50:00+04:00 Dubai,17.596935272216797°C,31.03%
2023-06-16T03:55:00+04:00 Dubai,17.596935272216797°C,31.03%
2023-06-16T04:00:00+04:00 Dubai,17.596935272216797°C,31.03%
2023-06-16T04:05:00+04:00 Dubai,17.596935272216797°C,31.03%
2023-06-16T04:10:00+04:00 Dubai,17.596935272216797°C,31.03%
2023-06-16T04:15:00+04:00 Dubai,17.596935272216797°C,31.03%
2023-06-16T04:20:00+04:00 Dubai,17.596935272216797°C,31.03%
2023-06-16T04:25:00+04:00 Dubai,17.596935272216797°C,31.03%
2023-06-16T04:30:00+04:00 Dubai,17.596935272216797°C,31.03%
2023-06-16T04:35:00+04:00 Dubai,17.596935272216797°C,31.03%
2023-06-16T04:40:00+04:00 Dubai,17.596935272216797°C,31.03%
2023-06-16T04:45:00+04:00 Dubai,17.596935272216797°C,31.03%
2023-06-16T04:50:00+04:00 Dubai,17.596935272216797°C,31.03%
2023-06-16T04:55:00+04:00 Dubai,17.596935272216797°C,31.03%
2023-06-16T05:00:00+04:00 Dubai,17.596935272216797°C,31.03%
2023-06-16T05:05:00+04:00 Dubai,17.596935272216797°C,31.03%
2023-06-16T05:10:00+04:00 Dubai,17.745662689208984°C,31.03%
2023-06-16T05:15:00+04:00 Dubai,17.745662689208984°C,31.03%
2023-06-16T05:20:00+04:00 Dubai,17.745662689208984°C,31.03%
2023-06-16T05:25:00+04:00 Dubai,17.745662689208984°C,31.03%
2023-06-16T05:30:00+04:00 Dubai,17.745662689208984°C,31.03%
2023-06-16T05:35:00+04:00 Dubai,17.745662689208984°C,31.03%
2023-06-16T05:40:00+04:00 Dubai,17.745662689208984°C,31.03%
2023-06-16T05:45:00+04:00 Dubai,17.745662689208984°C,31.03%
2023-06-16T05:50:00+04:00 Dubai,17.745662689208984°C,31.03%
2023-06-16T05:55:00+04:00 Dubai,17.745662689208984°C,31.03%
2023-06-16T06:00:00+04:00 Dubai,17.745662689208984°C,31.03%
2023-06-16T06:05:00+04:00 Dubai,15.999056816101074°C,40.64%
2023-06-16T06:10:00+04:00 Dubai,15.69973087310791°C,39.50%
2023-06-16T06:15:00+04:00 Dubai,15.855148315429688°C,42.33%
2023-06-16T06:20:00+04:00 Dubai,15.706021308898926°C,42.31%
2023-06-16T06:25:00+04:00 Dubai,15.55713176727295°C,41.28%
2023-06-16T06:30:00+04:00 Dubai,15.55713176727295°C,41.28%
2023-06-16T06:35:00+04:00 Dubai,15.406070709228516°C,41.28%
2023-06-16T06:40:00+04:00 Dubai,15.406070709228516°C,41.28%
2023-06-16T06:45:00+04:00 Dubai,15.257365226745605°C,41.28%
2023-06-16T06:50:00+04:00 Dubai,15.257365226745605°C,41.28%
2023-06-16T06:55:00+04:00 Dubai,15.257365226745605°C,41.28%
2023-06-16T07:00:00+04:00 Dubai,15.257365226745605°C,41.28%
2023-06-16T07:05:00+04:00 Dubai,15.566774368286133°C,41.28%
2023-06-16T07:10:00+04:00 Dubai,15.867365837097168°C,46.31%
2023-06-16T07:15:00+04:00 Dubai,16.0178165435791°C,49.40%
2023-06-16T07:20:00+04:00 Dubai,16.0178165435791°C,52.16%
2023-06-16T07:25:00+04:00 Dubai,16.0178165435791°C,53.35%
2023-06-16T07:30:00+04:00 Dubai,16.0178165435791°C,55.83%
2023-06-16T07:35:00+04:00 Dubai,16.0178165435791°C,57.12%
2023-06-16T07:40:00+04:00 Dubai,15.867534637451172°C,58.45%
2023-06-16T07:45:00+04:00 Dubai,15.867534637451172°C,60.85%
2023-06-16T07:50:00+04:00 Dubai,15.867534637451172°C,62.32%
2023-06-16T07:55:00+04:00 Dubai,15.867534637451172°C,64.56%
2023-06-16T08:00:00+04:00 Dubai,15.867534637451172°C,65.60%
2023-06-16T08:05:00+04:00 Dubai,15.867534637451172°C,67.05%
2023-06-16T08:10:00+04:00 Dubai,15.867534637451172°C,69.18%
2023-06-16T08:15:00+04:00 Dubai,15.867534637451172°C,71.78%
2023-06-16T08:20:00+04:00 Dubai,15.867534637451172°C,73.98%
2023-06-16T08:25:00+04:00 Dubai,15.867534637451172°C,75.17%
2023-06-16T08:30:00+04:00 Dubai,15.867534637451172°C,77.76%
2023-06-16T08:35:00+04:00 Dubai,15.867534637451172°C,80.27%
2023-06-16T08:40:00+04:00 Dubai,15.867534637451172°C,82.86%
2023-06-16T08:45:00+04:00 Dubai,15.867534637451172°C,85.33%
2023-06-16T08:50:00+04:00 Dubai,15.867534637451172°C,86.78%
2023-06-16T08:55:00+04:00 Dubai,15.867534637451172°C,88.23%
2023-06-16T09:00:00+04:00 Dubai,14.606507301330566°C,85.32%
2023-06-16T09:05:00+04:00 Dubai,13.84089183807373°C,76.26%
2023-06-16T09:10:00+04:00 Dubai,13.84089183807373°C,73.44%
2023-06-16T09:15:00+04:00 Dubai,13.84089183807373°C,69.52%
2023-06-16T09:20:00+04:00 Dubai,13.84089183807373°C,66.82%
2023-06-16T09:25:00+04:00 Dubai,13.84089183807373°C,64.34%
2023-06-16T09:30:00+04:00 Dubai,13.990480422973633°C,63.24%
2023-06-16T09:35:00+04:00 Dubai,13.990480422973633°C,60.62%
2023-06-16T09:40:00+04:00 Dubai,14.140912055969238°C,60.62%
2023-06-16T09:45:00+04:00 Dubai,14.289687156677246°C,60.62%
2023-06-16T09:50:00+04:00 Dubai,14.289687156677246°C,60.62%
2023-06-16T09:55:00+04:00 Dubai,14.289687156677246°C,60.62%
2023-06-16T10:00:00+04:00 Dubai,14.289687156677246°C,59.58%
2023-06-16T10:05:00+04:00 Dubai,14.439799308776855°C,59.58%
2023-06-16T10:10:00+04:00 Dubai,14.439799308776855°C,59.58%
2023-06-16T10:15:00+04:00 Dubai,14.439799308776855°C,59.58%
2023-06-16T10:20:00+04:00 Dubai,14.439799308776855°C,58.53%
2023-06-16T10:25:00+04:00 Dubai,14.439799308776855°C,58.53%
2023-06-16T10:30:00+04:00 Dubai,14.439799308776855°C,58.53%
2023-06-16T10:35:00+04:00 Dubai,14.439799308776855°C,57.39%
2023-06-16T10:40:00+04:00 Dubai,14.439799308776855°C,57.39%
2023-06-16T10:45:00+04:00 Dubai,14.439799308776855°C,57.39%
2023-06-16T10:50:00+04:00 Dubai,14.588508605957031°C,57.39%
2023-06-16T10:55:00+04:00 Dubai,14.588508605957031°C,57.39%
2023-06-16T11:00:00+04:00 Dubai,14.588508605957031°C,57.39%
2023-06-16T11:05:00+04:00 Dubai,14.588508605957031°C,57.39%
2023-06-16T11:10:00+04:00 Dubai,14.588508605957031°C,57.39%
2023-06-16T11:15:00+04:00 Dubai,14.588508605957031°C,57.39%
2023-06-16T11:20:00+04:00 Dubai,14.588508605957031°C,57.39%
2023-06-16T11:25:00+04:00 Dubai,14.588508605957031°C,57.39%
2023-06-16T11:30:00+04:00 Dubai,14.588508605957031°C,57.39%
2023-06-16T11:35:00+04:00 Dubai,14.588508605957031°C,57.39%
2023-06-16T11:40:00+04:00 Dubai,14.588508605957031°C,57.39%
2023-06-16T11:45:00+04:00 Dubai,14.588508605957031°C,57.39%
2023-06-16T11:50:00+04:00 Dubai,14.588508605957031°C,57.39%
2023-06-16T11:55:00+04:00 Dubai,14.588508605957031°C,57.39%
2023-06-16T12:00:00+04:00 Dubai,14.588508605957031°C,57.39%
2023-06-16T12:05:00+04:00 Dubai,14.588508605957031°C,57.39%
2023-06-16T12:10:00+04:00 Dubai,14.588508605957031°C,57.39%
2023-06-16T12:15:00+04:00 Dubai,14.588508605957031°C,57.39%
2023-06-16T12:20:00+04:00 Dubai,14.588508605957031°C,57.39%
2023-06-16T12:25:00+04:00 Dubai,14.588508605957031°C,57.39%
2023-06-16T12:30:00+04:00 Dubai,14.738472938537598°C,57.39%
2023-06-16T12:35:00+04:00 Dubai,14.888195991516113°C,57.39%
2023-06-16T12:40:00+04:00 Dubai,14.888195991516113°C,57.39%
2023-06-16T12:45:00+04:00 Dubai,14.888195991516113°C,57.39%
2023-06-16T12:50:00+04:00 Dubai,14.888195991516113°C,57.39%
2023-06-16T12:55:00+04:00 Dubai,14.888195991516113°C,57.39%
2023-06-16T13:00:00+04:00 Dubai,14.737120628356934°C,57.39%
2023-06-16T13:05:00+04:00 Dubai,14.737120628356934°C,57.39%
2023-06-16T13:10:00+04:00 Dubai,14.737120628356934°C,57.39%
2023-06-16T13:15:00+04:00 Dubai,14.737120628356934°C,57.39%
2023-06-16T13:20:00+04:00 Dubai,14.588420867919922°C,57.39%
2023-06-16T13:25:00+04:00 Dubai,14.588420867919922°C,57.39%
2023-06-16T13:30:00+04:00 Dubai,14.588420867919922°C,57.39%
2023-06-16T13:35:00+04:00 Dubai,14.588420867919922°C,57.39%
2023-06-16T13:40:00+04:00 Dubai,14.588420867919922°C,57.39%
2023-06-16T13:45:00+04:00 Dubai,14.588420867919922°C,57.39%
2023-06-16T13:50:00+04:00 Dubai,14.588420867919922°C,57.39%
2023-06-16T13:55:00+04:00 Dubai,14.588420867919922°C,57.39%
2023-06-16T14:00:00+04:00 Dubai,14.588420867919922°C,57.39%
2023-06-16T14:05:00+04:00 Dubai,14.588420867919922°C,57.39%
2023-06-16T14:10:00+04:00 Dubai,14.588420867919922°C,57.39%
2023-06-16T14:15:00+04:00 Dubai,14.588420867919922°C,57.39%
2023-06-16T14:20:00+04:00 Dubai,14.588420867919922°C,57.39%
2023-06-16T14:25:00+04:00 Dubai,14.588420867919922°C,57.39%
2023-06-16T14:30:00+04:00 Dubai,14.588420867919922°C,57.39%
2023-06-16T14:35:00+04:00 Dubai,14.588420867919922°C,57.39%
2023-06-16T14:40:00+04:00 Dubai,14.588420867919922°C,57.39%
2023-06-16T14:45:00+04:00 Dubai,14.588420867919922°C,57.39%
2023-06-16T14:50:00+04:00 Dubai,14.588420867919922°C,57.39%
2023-06-16T14:55:00+04:00 Dubai,14.588420867919922°C,57.39%
2023-06-16T15:00:00+04:00 Dubai,14.588420867919922°C,57.39%
2023-06-16T15:05:00+04:00 Dubai,14.588420867919922°C,57.39%
2023-06-16T15:10:00+04:00 Dubai,14.588420867919922°C,57.39%
2023-06-16T15:15:00+04:00 Dubai,14.588420867919922°C,57.39%
2023-06-16T15:20:00+04:00 Dubai,14.588420867919922°C,57.39%
2023-06-16T15:25:00+04:00 Dubai,14.588420867919922°C,57.39%
2023-06-16T15:30:00+04:00 Dubai,14.588420867919922°C,57.39%
2023-06-16T15:35:00+04:00 Dubai,14.588420867919922°C,57.39%
2023-06-16T15:40:00+04:00 Dubai,14.588420867919922°C,57.39%
2023-06-16T15:45:00+04:00 Dubai,14.588420867919922°C,56.38%
2023-06-16T15:50:00+04:00 Dubai,14.588420867919922°C,56.38%
2023-06-16T15:55:00+04:00 Dubai,14.588420867919922°C,56.38%
2023-06-16T16:00:00+04:00 Dubai,14.588420867919922°C,56.38%
2023-06-16T16:05:00+04:00 Dubai,14.43860149383545°C,55.19%
2023-06-16T16:10:00+04:00 Dubai,14.43860149383545°C,55.19%
2023-06-16T16:15:00+04:00 Dubai,14.43860149383545°C,54.12%
2023-06-16T16:20:00+04:00 Dubai,14.43860149383545°C,54.12%
2023-06-16T16:25:00+04:00 Dubai,14.43860149383545°C,54.12%
2023-06-16T16:30:00+04:00 Dubai,14.587607383728027°C,54.12%
2023-06-16T16:35:00+04:00 Dubai,14.587607383728027°C,54.12%
2023-06-16T16:40:00+04:00 Dubai,14.587607383728027°C,54.12%
2023-06-16T16:45:00+04:00 Dubai,14.587607383728027°C,54.12%
2023-06-16T16:50:00+04:00 Dubai,14.587607383728027°C,54.12%
2023-06-16T16:55:00+04:00 Dubai,14.587607383728027°C,54.12%
2023-06-16T17:00:00+04:00 Dubai,14.587607383728027°C,54.12%
2023-06-16T17:05:00+04:00 Dubai,14.587607383728027°C,54.12%
2023-06-16T17:10:00+04:00 Dubai,14.587607383728027°C,54.12%
2023-06-16T17:15:00+04:00 Dubai,14.587607383728027°C,54.12%
2023-06-16T17:20:00+04:00 Dubai,14.587607383728027°C,54.12%
2023-06-16T17:25:00+04:00 Dubai,14.587607383728027°C,54.12%
2023-06-16T17:30:00+04:00 Dubai,14.587607383728027°C,54.12%
2023-06-16T17:35:00+04:00 Dubai,14.587607383728027°C,54.12%
2023-06-16T17:40:00+04:00 Dubai,14.437816619873047°C,54.12%
2023-06-16T17:45:00+04:00 Dubai,14.437816619873047°C,53.05%
2023-06-16T17:50:00+04:00 Dubai,14.437816619873047°C,51.97%
2023-06-16T17:55:00+04:00 Dubai,14.437816619873047°C,50.89%
2023-06-16T18:00:00+04:00 Dubai,14.437816619873047°C,50.89%
2023-06-16T18:05:00+04:00 Dubai,14.437816619873047°C,50.89%
2023-06-16T18:10:00+04:00 Dubai,14.58641242980957°C,50.89%
2023-06-16T18:15:00+04:00 Dubai,14.58641242980957°C,50.89%
2023-06-16T18:20:00+04:00 Dubai,14.58641242980957°C,50.89%
2023-06-16T18:25:00+04:00 Dubai,14.437504768371582°C,50.89%
2023-06-16T18:30:00+04:00 Dubai,14.437504768371582°C,49.71%
2023-06-16T18:35:00+04:00 Dubai,14.288990020751953°C,47.53%
2023-06-16T18:40:00+04:00 Dubai,14.288990020751953°C,46.13%
2023-06-16T18:45:00+04:00 Dubai,14.288990020751953°C,47.19%
2023-06-16T18:50:00+04:00 Dubai,14.288990020751953°C,47.19%
2023-06-16T18:55:00+04:00 Dubai,14.288990020751953°C,46.13%
2023-06-16T19:00:00+04:00 Dubai,14.288990020751953°C,45.10%
2023-06-16T19:05:00+04:00 Dubai,14.137883186340332°C,41.48%
2023-06-16T19:10:00+04:00 Dubai,14.443818092346191°C,43.86%
2023-06-16T19:15:00+04:00 Dubai,14.443818092346191°C,43.86%
2023-06-16T19:20:00+04:00 Dubai,14.592597961425781°C,43.86%
2023-06-16T19:25:00+04:00 Dubai,14.74148941040039°C,43.86%
2023-06-16T19:30:00+04:00 Dubai,14.74148941040039°C,43.86%
2023-06-16T19:35:00+04:00 Dubai,14.74148941040039°C,43.86%
2023-06-16T19:40:00+04:00 Dubai,14.74148941040039°C,43.86%
2023-06-16T19:45:00+04:00 Dubai,14.74148941040039°C,43.86%
2023-06-16T19:50:00+04:00 Dubai,14.74148941040039°C,43.86%
2023-06-16T19:55:00+04:00 Dubai,14.74148941040039°C,43.86%
2023-06-16T20:00:00+04:00 Dubai,14.74148941040039°C,43.86%
2023-06-16T20:05:00+04:00 Dubai,14.74148941040039°C,43.86%
2023-06-16T20:10:00+04:00 Dubai,14.74148941040039°C,43.86%
2023-06-16T20:15:00+04:00 Dubai,14.74148941040039°C,43.86%
2023-06-16T20:20:00+04:00 Dubai,14.74148941040039°C,43.86%
2023-06-16T20:25:00+04:00 Dubai,14.74148941040039°C,43.86%
2023-06-16T20:30:00+04:00 Dubai,14.74148941040039°C,43.86%
2023-06-16T20:35:00+04:00 Dubai,14.74148941040039°C,43.86%
2023-06-16T20:40:00+04:00 Dubai,14.592747688293457°C,43.86%
2023-06-16T20:45:00+04:00 Dubai,14.592747688293457°C,43.86%
2023-06-16T20:50:00+04:00 Dubai,14.592747688293457°C,43.86%
2023-06-16T20:55:00+04:00 Dubai,14.592747688293457°C,43.86%
2023-06-16T21:00:00+04:00 Dubai,14.592747688293457°C,43.86%
2023-06-16T21:05:00+04:00 Dubai,14.592747688293457°C,43.86%
2023-06-16T21:10:00+04:00 Dubai,14.592747688293457°C,43.86%
2023-06-16T21:15:00+04:00 Dubai,14.443536758422852°C,42.86%
2023-06-16T21:20:00+04:00 Dubai,14.443536758422852°C,42.86%
2023-06-16T21:25:00+04:00 Dubai,14.443536758422852°C,41.85%
2023-06-16T21:30:00+04:00 Dubai,14.443536758422852°C,40.72%
2023-06-16T21:35:00+04:00 Dubai,14.443536758422852°C,40.72%
2023-06-16T21:40:00+04:00 Dubai,14.443536758422852°C,39.64%
2023-06-16T21:45:00+04:00 Dubai,14.443536758422852°C,38.58%
2023-06-16T21:50:00+04:00 Dubai,14.443536758422852°C,38.58%
2023-06-16T21:55:00+04:00 Dubai,14.443536758422852°C,0%
2023-06-16T22:00:00+04:00 Dubai,15.5707368850708°C,0%
2023-06-16T22:05:00+04:00 Dubai,16.99055290222168°C,0%
2023-06-16T22:10:00+04:00 Dubai,18.060434341430664°C,0%
2023-06-16T22:15:00+04:00 Dubai,20.426855087280273°C,22.33%
2023-06-16T22:20:00+04:00 Dubai,18.805845260620117°C,35.93%
2023-06-16T22:25:00+04:00 Dubai,18.19694709777832°C,44.45%
2023-06-16T22:30:00+04:00 Dubai,17.12076187133789°C,45.87%
2023-06-16T22:35:00+04:00 Dubai,16.663240432739258°C,45.87%
2023-06-16T22:40:00+04:00 Dubai,16.36077880859375°C,47.28%
2023-06-16T22:45:00+04:00 Dubai,16.06057357788086°C,48.53%
2023-06-16T22:50:00+04:00 Dubai,15.756549835205078°C,47.49%
2023-06-16T22:55:00+04:00 Dubai,15.457181930541992°C,46.26%
2023-06-16T23:00:00+04:00 Dubai,15.457181930541992°C,46.26%
2023-06-16T23:05:00+04:00 Dubai,15.157631874084473°C,46.26%
2023-06-16T23:10:00+04:00 Dubai,15.007818222045898°C,46.26%
2023-06-16T23:15:00+04:00 Dubai,14.857989311218262°C,46.26%
2023-06-16T23:20:00+04:00 Dubai,14.709291458129883°C,46.26%
2023-06-16T23:25:00+04:00 Dubai,14.558920860290527°C,46.26%
2023-06-16T23:30:00+04:00 Dubai,14.410317420959473°C,45.21%
2023-06-16T23:35:00+04:00 Dubai,14.410317420959473°C,42.94%
2023-06-16T23:40:00+04:00 Dubai,14.410317420959473°C,43.00%
2023-06-16T23:45:00+04:00 Dubai,14.561358451843262°C,43.00%
2023-06-16T23:50:00+04:00 Dubai,14.561358451843262°C,43.00%
2023-06-16T23:55:00+04:00 Dubai,14.561358451843262°C,43.00%
2023-06-17T00:00:00+04:00 Dubai,16.981048583984375°C,29.94%
2023-06-17T00:05:00+04:00 Dubai,16.827558517456055°C,24.46%
2023-06-17T00:10:00+04:00 Dubai,16.809799194335938°C,19.27%
2023-06-17T00:15:00+04:00 Dubai,17.283737182617188°C,25.66%
2023-06-17T00:20:00+04:00 Dubai,17.585023880004883°C,27.13%
2023-06-17T00:25:00+04:00 Dubai,17.735340118408203°C,27.13%
2023-06-17T00:30:00+04:00 Dubai,17.885099411010742°C,27.13%
2023-06-17T00:35:00+04:00 Dubai,18.0339412689209°C,27.13%
2023-06-17T00:40:00+04:00 Dubai,18.0339412689209°C,27.13%
2023-06-17T00:45:00+04:00 Dubai,18.184011459350586°C,27.13%
2023-06-17T00:50:00+04:00 Dubai,18.332782745361328°C,27.13%
2023-06-17T00:55:00+04:00 Dubai,18.332782745361328°C,27.13%
2023-06-17T01:00:00+04:00 Dubai,18.483497619628906°C,27.13%
2023-06-17T01:05:00+04:00 Dubai,18.633169174194336°C,29.36%
2023-06-17T01:10:00+04:00 Dubai,18.327619552612305°C,29.36%
2023-06-17T01:15:00+04:00 Dubai,18.178964614868164°C,29.36%
2023-06-17T01:20:00+04:00 Dubai,18.178964614868164°C,29.36%
2023-06-17T01:25:00+04:00 Dubai,18.178964614868164°C,29.36%
2023-06-17T01:30:00+04:00 Dubai,18.178964614868164°C,29.36%
2023-06-17T01:35:00+04:00 Dubai,18.178964614868164°C,29.36%
2023-06-17T01:40:00+04:00 Dubai,18.178964614868164°C,29.36%
2023-06-17T01:45:00+04:00 Dubai,18.178964614868164°C,29.36%
2023-06-17T01:50:00+04:00 Dubai,18.178964614868164°C,29.36%
2023-06-17T01:55:00+04:00 Dubai,18.178964614868164°C,29.36%
2023-06-17T02:00:00+04:00 Dubai,18.030221939086914°C,29.36%
2023-06-17T02:05:00+04:00 Dubai,18.030221939086914°C,29.36%
2023-06-17T02:10:00+04:00 Dubai,18.030221939086914°C,29.36%
2023-06-17T02:15:00+04:00 Dubai,18.030221939086914°C,29.36%
2023-06-17T02:20:00+04:00 Dubai,18.030221939086914°C,29.36%
2023-06-17T02:25:00+04:00 Dubai,18.030221939086914°C,29.36%
2023-06-17T02:30:00+04:00 Dubai,17.880048751831055°C,29.36%
2023-06-17T02:35:00+04:00 Dubai,17.880048751831055°C,29.36%
2023-06-17T02:40:00+04:00 Dubai,17.880048751831055°C,29.36%
2023-06-17T02:45:00+04:00 Dubai,17.880048751831055°C,29.36%
2023-06-17T02:50:00+04:00 Dubai,17.880048751831055°C,29.36%
2023-06-17T02:55:00+04:00 Dubai,17.880048751831055°C,29.36%
2023-06-17T03:00:00+04:00 Dubai,17.731523513793945°C,29.36%
2023-06-17T03:05:00+04:00 Dubai,17.731523513793945°C,29.36%
2023-06-17T03:10:00+04:00 Dubai,17.731523513793945°C,29.36%
2023-06-17T03:15:00+04:00 Dubai,17.731523513793945°C,29.36%
2023-06-17T03:20:00+04:00 Dubai,17.731523513793945°C,29.36%
2023-06-17T03:25:00+04:00 Dubai,17.731523513793945°C,29.36%
2023-06-17T03:30:00+04:00 Dubai,17.731523513793945°C,29.36%
2023-06-17T03:35:00+04:00 Dubai,17.731523513793945°C,29.36%
2023-06-17T03:40:00+04:00 Dubai,17.731523513793945°C,29.36%
2023-06-17T03:45:00+04:00 Dubai,17.731523513793945°C,29.36%
2023-06-17T03:50:00+04:00 Dubai,17.731523513793945°C,29.36%
2023-06-17T03:55:00+04:00 Dubai,17.731523513793945°C,29.36%
2023-06-17T04:00:00+04:00 Dubai,17.731523513793945°C,29.36%
2023-06-17T04:05:00+04:00 Dubai,17.731523513793945°C,29.36%
2023-06-17T04:10:00+04:00 Dubai,17.731523513793945°C,29.36%
2023-06-17T04:15:00+04:00 Dubai,17.731523513793945°C,29.36%
2023-06-17T04:20:00+04:00 Dubai,17.731523513793945°C,29.36%
2023-06-17T04:25:00+04:00 Dubai,17.731523513793945°C,29.36%
2023-06-17T04:30:00+04:00 Dubai,17.731523513793945°C,29.36%
2023-06-17T04:35:00+04:00 Dubai,17.731523513793945°C,29.36%
2023-06-17T04:40:00+04:00 Dubai,17.731523513793945°C,29.36%
2023-06-17T04:45:00+04:00 Dubai,17.731523513793945°C,29.36%
2023-06-17T04:50:00+04:00 Dubai,17.731523513793945°C,29.36%
2023-06-17T04:55:00+04:00 Dubai,17.731523513793945°C,29.36%
2023-06-17T05:00:00+04:00 Dubai,17.731523513793945°C,29.36%
2023-06-17T05:05:00+04:00 Dubai,17.731523513793945°C,29.36%
2023-06-17T05:10:00+04:00 Dubai,17.731523513793945°C,29.36%
2023-06-17T05:15:00+04:00 Dubai,17.731523513793945°C,29.36%
2023-06-17T05:20:00+04:00 Dubai,17.731523513793945°C,29.36%
2023-06-17T05:25:00+04:00 Dubai,17.731523513793945°C,29.36%
2023-06-17T05:30:00+04:00 Dubai,17.731523513793945°C,29.36%
2023-06-17T05:35:00+04:00 Dubai,17.731523513793945°C,29.36%
2023-06-17T05:40:00+04:00 Dubai,17.731523513793945°C,29.36%
2023-06-17T05:45:00+04:00 Dubai,17.731523513793945°C,29.36%
2023-06-17T05:50:00+04:00 Dubai,17.731523513793945°C,29.36%
2023-06-17T05:55:00+04:00 Dubai,17.731523513793945°C,29.36%
2023-06-17T06:00:00+04:00 Dubai,17.731523513793945°C,29.36%
2023-06-17T06:05:00+04:00 Dubai,15.988737106323242°C,37.92%
2023-06-17T06:10:00+04:00 Dubai,15.839357376098633°C,37.92%
2023-06-17T06:15:00+04:00 Dubai,15.688841819763184°C,37.92%
2023-06-17T06:20:00+04:00 Dubai,15.538187980651855°C,37.92%
2023-06-17T06:25:00+04:00 Dubai,15.538187980651855°C,37.92%
2023-06-17T06:30:00+04:00 Dubai,15.387804985046387°C,37.92%
2023-06-17T06:35:00+04:00 Dubai,15.387804985046387°C,37.92%
2023-06-17T06:40:00+04:00 Dubai,15.238626480102539°C,37.92%
2023-06-17T06:45:00+04:00 Dubai,15.238626480102539°C,37.92%
2023-06-17T06:50:00+04:00 Dubai,15.238626480102539°C,37.92%
2023-06-17T06:55:00+04:00 Dubai,15.238626480102539°C,37.92%
2023-06-17T07:00:00+04:00 Dubai,15.238626480102539°C,37.92%
2023-06-17T07:05:00+04:00 Dubai,15.538039207458496°C,37.92%
2023-06-17T07:10:00+04:00 Dubai,15.839618682861328°C,41.92%
2023-06-17T07:15:00+04:00 Dubai,15.989741325378418°C,44.80%
2023-06-17T07:20:00+04:00 Dubai,15.989741325378418°C,48.94%
2023-06-17T07:25:00+04:00 Dubai,15.989741325378418°C,50.42%
2023-06-17T07:30:00+04:00 Dubai,15.989741325378418°C,53.92%
2023-06-17T07:35:00+04:00 Dubai,15.989741325378418°C,55.43%
2023-06-17T07:40:00+04:00 Dubai,15.989741325378418°C,56.62%
2023-06-17T07:45:00+04:00 Dubai,15.989741325378418°C,59.04%
2023-06-17T07:50:00+04:00 Dubai,15.989741325378418°C,60.23%
2023-06-17T07:55:00+04:00 Dubai,15.989741325378418°C,62.99%
2023-06-17T08:00:00+04:00 Dubai,15.840736389160156°C,64.06%
2023-06-17T08:05:00+04:00 Dubai,15.840736389160156°C,65.42%
2023-06-17T08:10:00+04:00 Dubai,15.840736389160156°C,67.58%
2023-06-17T08:15:00+04:00 Dubai,15.840736389160156°C,68.73%
2023-06-17T08:20:00+04:00 Dubai,15.840736389160156°C,71.96%
2023-06-17T08:25:00+04:00 Dubai,15.840736389160156°C,73.08%
2023-06-17T08:30:00+04:00 Dubai,15.840736389160156°C,75.57%
2023-06-17T08:35:00+04:00 Dubai,15.840736389160156°C,78.71%
2023-06-17T08:40:00+04:00 Dubai,15.840736389160156°C,80.51%
2023-06-17T08:45:00+04:00 Dubai,15.840736389160156°C,82.92%
2023-06-17T08:50:00+04:00 Dubai,15.840736389160156°C,85.81%
2023-06-17T08:55:00+04:00 Dubai,15.991023063659668°C,88.30%
2023-06-17T09:00:00+04:00 Dubai,15.991023063659668°C,90.39%
2023-06-17T09:05:00+04:00 Dubai,15.991023063659668°C,92.99%
2023-06-17T09:10:00+04:00 Dubai,15.833842277526855°C,94.19%
2023-06-17T09:15:00+04:00 Dubai,14.870213508605957°C,92.08%
2023-06-17T09:20:00+04:00 Dubai,13.759713172912598°C,82.42%
2023-06-17T09:25:00+04:00 Dubai,13.759713172912598°C,78.07%
2023-06-17T09:30:00+04:00 Dubai,13.759713172912598°C,73.67%
2023-06-17T09:35:00+04:00 Dubai,13.759713172912598°C,71.00%
2023-06-17T09:40:00+04:00 Dubai,13.759713172912598°C,68.62%
2023-06-17T09:45:00+04:00 Dubai,13.759713172912598°C,65.08%
2023-06-17T09:50:00+04:00 Dubai,13.909896850585938°C,63.19%
2023-06-17T09:55:00+04:00 Dubai,13.909896850585938°C,60.73%
2023-06-17T10:00:00+04:00 Dubai,14.059475898742676°C,58.66%
2023-06-17T10:05:00+04:00 Dubai,14.059475898742676°C,57.25%
2023-06-17T10:10:00+04:00 Dubai,14.20999526977539°C,57.25%
2023-06-17T10:15:00+04:00 Dubai,14.20999526977539°C,57.25%
2023-06-17T10:20:00+04:00 Dubai,14.20999526977539°C,56.09%
2023-06-17T10:25:00+04:00 Dubai,14.20999526977539°C,55.02%
2023-06-17T10:30:00+04:00 Dubai,14.361207962036133°C,53.97%
2023-06-17T10:35:00+04:00 Dubai,14.512563705444336°C,54.98%
2023-06-17T10:40:00+04:00 Dubai,14.512563705444336°C,54.98%
2023-06-17T10:45:00+04:00 Dubai,14.512563705444336°C,54.98%
2023-06-17T10:50:00+04:00 Dubai,14.512563705444336°C,54.98%
2023-06-17T10:55:00+04:00 Dubai,14.512563705444336°C,54.98%
2023-06-17T11:00:00+04:00 Dubai,14.512563705444336°C,54.98%
2023-06-17T11:05:00+04:00 Dubai,14.512563705444336°C,54.98%
2023-06-17T11:10:00+04:00 Dubai,14.512563705444336°C,54.98%
2023-06-17T11:15:00+04:00 Dubai,14.512563705444336°C,54.98%
2023-06-17T11:20:00+04:00 Dubai,14.512563705444336°C,54.98%
2023-06-17T11:25:00+04:00 Dubai,14.512563705444336°C,54.98%
2023-06-17T11:30:00+04:00 Dubai,14.512563705444336°C,53.87%
2023-06-17T11:35:00+04:00 Dubai,14.512563705444336°C,53.87%
2023-06-17T11:40:00+04:00 Dubai,14.512563705444336°C,53.87%
2023-06-17T11:45:00+04:00 Dubai,14.512563705444336°C,52.69%
2023-06-17T11:50:00+04:00 Dubai,14.362910270690918°C,51.54%
2023-06-17T11:55:00+04:00 Dubai,14.362910270690918°C,50.53%
2023-06-17T12:00:00+04:00 Dubai,14.51146125793457°C,50.53%
2023-06-17T12:05:00+04:00 Dubai,14.51146125793457°C,50.53%
2023-06-17T12:10:00+04:00 Dubai,14.51146125793457°C,50.53%
2023-06-17T12:15:00+04:00 Dubai,14.6604585647583°C,50.53%
2023-06-17T12:20:00+04:00 Dubai,14.6604585647583°C,50.53%
2023-06-17T12:25:00+04:00 Dubai,14.6604585647583°C,50.53%
2023-06-17T12:30:00+04:00 Dubai,14.81237506866455°C,50.53%
2023-06-17T12:35:00+04:00 Dubai,14.81237506866455°C,50.53%
2023-06-17T12:40:00+04:00 Dubai,14.81237506866455°C,50.53%
2023-06-17T12:45:00+04:00 Dubai,14.81237506866455°C,50.53%
2023-06-17T12:50:00+04:00 Dubai,14.81237506866455°C,50.53%
2023-06-17T12:55:00+04:00 Dubai,14.81237506866455°C,50.53%
2023-06-17T13:00:00+04:00 Dubai,14.81237506866455°C,50.53%
2023-06-17T13:05:00+04:00 Dubai,14.81237506866455°C,50.53%
2023-06-17T13:10:00+04:00 Dubai,14.81237506866455°C,50.53%
2023-06-17T13:15:00+04:00 Dubai,14.663318634033203°C,50.53%
2023-06-17T13:20:00+04:00 Dubai,14.663318634033203°C,50.53%
2023-06-17T13:25:00+04:00 Dubai,14.663318634033203°C,50.53%
2023-06-17T13:30:00+04:00 Dubai,14.663318634033203°C,50.53%
2023-06-17T13:35:00+04:00 Dubai,14.663318634033203°C,50.53%
2023-06-17T13:40:00+04:00 Dubai,14.663318634033203°C,50.53%
2023-06-17T13:45:00+04:00 Dubai,14.663318634033203°C,50.53%
2023-06-17T13:50:00+04:00 Dubai,14.663318634033203°C,50.53%
2023-06-17T13:55:00+04:00 Dubai,14.663318634033203°C,50.53%
2023-06-17T14:00:00+04:00 Dubai,14.663318634033203°C,50.53%
2023-06-17T14:05:00+04:00 Dubai,14.663318634033203°C,50.53%
2023-06-17T14:10:00+04:00 Dubai,14.663318634033203°C,50.53%
2023-06-17T14:15:00+04:00 Dubai,14.812825202941895°C,50.53%
2023-06-17T14:20:00+04:00 Dubai,14.812825202941895°C,50.53%
2023-06-17T14:25:00+04:00 Dubai,14.812825202941895°C,50.53%
2023-06-17T14:30:00+04:00 Dubai,14.812825202941895°C,50.53%
2023-06-17T14:35:00+04:00 Dubai,14.812825202941895°C,50.53%
2023-06-17T14:40:00+04:00 Dubai,14.812825202941895°C,50.53%
2023-06-17T14:45:00+04:00 Dubai,14.812825202941895°C,50.53%
2023-06-17T14:50:00+04:00 Dubai,14.812825202941895°C,50.53%
2023-06-17T14:55:00+04:00 Dubai,14.812825202941895°C,50.53%
2023-06-17T15:00:00+04:00 Dubai,14.812825202941895°C,50.53%
2023-06-17T15:05:00+04:00 Dubai,14.812825202941895°C,50.53%
2023-06-17T15:10:00+04:00 Dubai,14.812825202941895°C,50.53%
2023-06-17T15:15:00+04:00 Dubai,14.812825202941895°C,50.53%
2023-06-17T15:20:00+04:00 Dubai,14.812825202941895°C,50.53%
2023-06-17T15:25:00+04:00 Dubai,14.812825202941895°C,50.53%
2023-06-17T15:30:00+04:00 Dubai,14.812825202941895°C,50.53%
2023-06-17T15:35:00+04:00 Dubai,14.812825202941895°C,50.53%
2023-06-17T15:40:00+04:00 Dubai,14.812825202941895°C,50.53%
2023-06-17T15:45:00+04:00 Dubai,14.812825202941895°C,50.53%
2023-06-17T15:50:00+04:00 Dubai,14.812825202941895°C,50.53%
2023-06-17T15:55:00+04:00 Dubai,14.812825202941895°C,50.53%
2023-06-17T16:00:00+04:00 Dubai,14.812825202941895°C,50.53%
2023-06-17T16:05:00+04:00 Dubai,14.96165943145752°C,50.53%
2023-06-17T16:10:00+04:00 Dubai,14.96165943145752°C,50.53%
2023-06-17T16:15:00+04:00 Dubai,14.96165943145752°C,50.53%
2023-06-17T16:20:00+04:00 Dubai,15.112364768981934°C,50.53%
2023-06-17T16:25:00+04:00 Dubai,15.112364768981934°C,50.53%
2023-06-17T16:30:00+04:00 Dubai,15.112364768981934°C,50.53%
2023-06-17T16:35:00+04:00 Dubai,14.963213920593262°C,50.53%
2023-06-17T16:40:00+04:00 Dubai,14.963213920593262°C,50.53%
2023-06-17T16:45:00+04:00 Dubai,14.963213920593262°C,50.53%
2023-06-17T16:50:00+04:00 Dubai,14.963213920593262°C,50.53%
2023-06-17T16:55:00+04:00 Dubai,14.963213920593262°C,50.53%
2023-06-17T17:00:00+04:00 Dubai,14.963213920593262°C,50.53%
2023-06-17T17:05:00+04:00 Dubai,14.963213920593262°C,50.53%
2023-06-17T17:10:00+04:00 Dubai,14.811603546142578°C,50.53%
2023-06-17T17:15:00+04:00 Dubai,14.811603546142578°C,50.53%
2023-06-17T17:20:00+04:00 Dubai,14.811603546142578°C,50.53%
2023-06-17T17:25:00+04:00 Dubai,14.811603546142578°C,50.53%
2023-06-17T17:30:00+04:00 Dubai,14.662555694580078°C,50.53%
2023-06-17T17:35:00+04:00 Dubai,14.662555694580078°C,50.53%
2023-06-17T17:40:00+04:00 Dubai,14.513021469116211°C,50.53%
2023-06-17T17:45:00+04:00 Dubai,14.513021469116211°C,50.53%
2023-06-17T17:50:00+04:00 Dubai,14.513021469116211°C,50.53%
2023-06-17T17:55:00+04:00 Dubai,14.362719535827637°C,49.31%
2023-06-17T18:00:00+04:00 Dubai,14.362719535827637°C,48.12%
2023-06-17T18:05:00+04:00 Dubai,14.362719535827637°C,47.04%
2023-06-17T18:10:00+04:00 Dubai,14.362719535827637°C,47.04%
2023-06-17T18:15:00+04:00 Dubai,14.362719535827637°C,47.04%
2023-06-17T18:20:00+04:00 Dubai,14.362719535827637°C,47.04%
2023-06-17T18:25:00+04:00 Dubai,14.362719535827637°C,45.92%
2023-06-17T18:30:00+04:00 Dubai,14.362719535827637°C,45.92%
2023-06-17T18:35:00+04:00 Dubai,14.362719535827637°C,44.84%
2023-06-17T18:40:00+04:00 Dubai,14.362719535827637°C,43.80%
2023-06-17T18:45:00+04:00 Dubai,14.362719535827637°C,43.80%
2023-06-17T18:50:00+04:00 Dubai,14.362719535827637°C,42.64%
2023-06-17T18:55:00+04:00 Dubai,14.514180183410645°C,42.64%
2023-06-17T19:00:00+04:00 Dubai,14.514180183410645°C,42.64%
2023-06-17T19:05:00+04:00 Dubai,14.514180183410645°C,42.64%
2023-06-17T19:10:00+04:00 Dubai,14.514180183410645°C,42.64%
2023-06-17T19:15:00+04:00 Dubai,14.514180183410645°C,42.64%
2023-06-17T19:20:00+04:00 Dubai,14.514180183410645°C,42.64%
2023-06-17T19:25:00+04:00 Dubai,14.514180183410645°C,42.64%
2023-06-17T19:30:00+04:00 Dubai,14.514180183410645°C,42.64%
2023-06-17T19:35:00+04:00 Dubai,14.514180183410645°C,42.64%
2023-06-17T19:40:00+04:00 Dubai,14.514180183410645°C,42.64%
2023-06-17T19:45:00+04:00 Dubai,14.514180183410645°C,42.64%
2023-06-17T19:50:00+04:00 Dubai,14.514180183410645°C,42.64%
2023-06-17T19:55:00+04:00 Dubai,14.514180183410645°C,42.64%
2023-06-17T20:00:00+04:00 Dubai,14.514180183410645°C,42.64%
2023-06-17T20:05:00+04:00 Dubai,14.514180183410645°C,42.64%
2023-06-17T20:10:00+04:00 Dubai,14.514180183410645°C,42.64%
2023-06-17T20:15:00+04:00 Dubai,14.514180183410645°C,42.64%
2023-06-17T20:20:00+04:00 Dubai,14.514180183410645°C,42.64%
2023-06-17T20:25:00+04:00 Dubai,14.664337158203125°C,42.64%
2023-06-17T20:30:00+04:00 Dubai,14.664337158203125°C,42.64%
2023-06-17T20:35:00+04:00 Dubai,14.664337158203125°C,42.64%
2023-06-17T20:40:00+04:00 Dubai,14.664337158203125°C,42.64%
2023-06-17T20:45:00+04:00 Dubai,14.664337158203125°C,42.64%
2023-06-17T20:50:00+04:00 Dubai,14.664337158203125°C,42.64%
2023-06-17T20:55:00+04:00 Dubai,14.664337158203125°C,42.64%
2023-06-17T21:00:00+04:00 Dubai,14.664337158203125°C,42.64%
2023-06-17T21:05:00+04:00 Dubai,14.664337158203125°C,42.64%
2023-06-17T21:10:00+04:00 Dubai,14.664337158203125°C,42.64%
2023-06-17T21:15:00+04:00 Dubai,14.664337158203125°C,42.64%
2023-06-17T21:20:00+04:00 Dubai,14.664337158203125°C,42.64%
2023-06-17T21:25:00+04:00 Dubai,14.664337158203125°C,42.64%
2023-06-17T21:30:00+04:00 Dubai,14.664337158203125°C,42.64%
2023-06-17T21:35:00+04:00 Dubai,14.664337158203125°C,42.64%
2023-06-17T21:40:00+04:00 Dubai,14.664337158203125°C,42.64%
2023-06-17T21:45:00+04:00 Dubai,14.664337158203125°C,42.64%
2023-06-17T21:50:00+04:00 Dubai,14.664337158203125°C,42.64%
2023-06-17T21:55:00+04:00 Dubai,14.664337158203125°C,42.64%
2023-06-17T22:00:00+04:00 Dubai,14.664337158203125°C,42.64%
2023-06-17T22:05:00+04:00 Dubai,14.664337158203125°C,42.64%
2023-06-17T22:10:00+04:00 Dubai,14.664337158203125°C,42.64%
2023-06-17T22:15:00+04:00 Dubai,14.664337158203125°C,42.64%
2023-06-17T22:20:00+04:00 Dubai,14.664337158203125°C,42.64%
2023-06-17T22:25:00+04:00 Dubai,14.664337158203125°C,42.64%
2023-06-17T22:30:00+04:00 Dubai,14.664337158203125°C,42.64%
2023-06-17T22:35:00+04:00 Dubai,14.515241622924805°C,42.64%
2023-06-17T22:40:00+04:00 Dubai,14.515241622924805°C,41.43%
2023-06-17T22:45:00+04:00 Dubai,14.364869117736816°C,40.33%
2023-06-17T22:50:00+04:00 Dubai,14.364869117736816°C,39.23%
2023-06-17T22:55:00+04:00 Dubai,14.364869117736816°C,37.90%
2023-06-17T23:00:00+04:00 Dubai,14.515463829040527°C,38.94%
2023-06-17T23:05:00+04:00 Dubai,14.515463829040527°C,38.94%
2023-06-17T23:10:00+04:00 Dubai,14.666607856750488°C,38.62%
2023-06-17T23:15:00+04:00 Dubai,14.816116333007812°C,38.62%
2023-06-17T23:20:00+04:00 Dubai,14.816116333007812°C,38.62%
2023-06-17T23:25:00+04:00 Dubai,14.816116333007812°C,38.62%
2023-06-17T23:30:00+04:00 Dubai,14.816116333007812°C,38.62%
2023-06-17T23:35:00+04:00 Dubai,14.816116333007812°C,38.62%
2023-06-17T23:40:00+04:00 Dubai,14.816116333007812°C,38.62%
2023-06-17T23:45:00+04:00 Dubai,14.967252731323242°C,38.62%
2023-06-17T23:50:00+04:00 Dubai,14.967252731323242°C,38.62%
2023-06-17T23:55:00+04:00 Dubai,14.967252731323242°C,38.62%
2023-06-18T00:00:00+04:00 Dubai,16.940359115600586°C,26.11%
2023-06-18T00:05:00+04:00 Dubai,17.093585968017578°C,26.11%
2023-06-18T00:10:00+04:00 Dubai,16.678627014160156°C,19.35%
2023-06-18T00:15:00+04:00 Dubai,17.30020523071289°C,24.88%
2023-06-18T00:20:00+04:00 Dubai,17.452150344848633°C,24.88%
2023-06-18T00:25:00+04:00 Dubai,17.601764678955078°C,24.88%
2023-06-18T00:30:00+04:00 Dubai,17.75176429748535°C,24.88%
2023-06-18T00:35:00+04:00 Dubai,17.90094757080078°C,24.88%
2023-06-18T00:40:00+04:00 Dubai,17.90094757080078°C,24.88%
2023-06-18T00:45:00+04:00 Dubai,18.05185890197754°C,24.88%
2023-06-18T00:50:00+04:00 Dubai,18.200504302978516°C,24.88%
2023-06-18T00:55:00+04:00 Dubai,18.200504302978516°C,24.88%
2023-06-18T01:00:00+04:00 Dubai,18.349138259887695°C,24.88%
2023-06-18T01:05:00+04:00 Dubai,18.349138259887695°C,24.88%
2023-06-18T01:10:00+04:00 Dubai,18.499351501464844°C,24.88%
2023-06-18T01:15:00+04:00 Dubai,18.499351501464844°C,26.17%
2023-06-18T01:20:00+04:00 Dubai,18.499351501464844°C,27.31%
2023-06-18T01:25:00+04:00 Dubai,18.648164749145508°C,28.55%
2023-06-18T01:30:00+04:00 Dubai,18.332992553710938°C,28.45%
2023-06-18T01:35:00+04:00 Dubai,18.03451919555664°C,28.45%
2023-06-18T01:40:00+04:00 Dubai,18.03451919555664°C,28.45%
2023-06-18T01:45:00+04:00 Dubai,17.88372802734375°C,28.45%
2023-06-18T01:50:00+04:00 Dubai,17.88372802734375°C,28.45%
2023-06-18T01:55:00+04:00 Dubai,17.88372802734375°C,28.45%
2023-06-18T02:00:00+04:00 Dubai,17.88372802734375°C,28.45%
2023-06-18T02:05:00+04:00 Dubai,17.88372802734375°C,28.45%
2023-06-18T02:10:00+04:00 Dubai,17.88372802734375°C,28.45%
2023-06-18T02:15:00+04:00 Dubai,17.88372802734375°C,28.45%
2023-06-18T02:20:00+04:00 Dubai,17.88372802734375°C,28.45%
2023-06-18T02:25:00+04:00 Dubai,17.88372802734375°C,28.45%
2023-06-18T02:30:00+04:00 Dubai,17.88372802734375°C,28.45%
2023-06-18T02:35:00+04:00 Dubai,17.88372802734375°C,28.45%
2023-06-18T02:40:00+04:00 Dubai,17.88372802734375°C,28.45%
2023-06-18T02:45:00+04:00 Dubai,17.735179901123047°C,28.45%
2023-06-18T02:50:00+04:00 Dubai,17.735179901123047°C,28.45%
2023-06-18T02:55:00+04:00 Dubai,17.735179901123047°C,28.45%
2023-06-18T03:00:00+04:00 Dubai,17.735179901123047°C,28.45%
2023-06-18T03:05:00+04:00 Dubai,17.735179901123047°C,28.45%
2023-06-18T03:10:00+04:00 Dubai,17.735179901123047°C,28.45%
2023-06-18T03:15:00+04:00 Dubai,17.735179901123047°C,28.45%
2023-06-18T03:20:00+04:00 Dubai,17.735179901123047°C,28.45%
2023-06-18T03:25:00+04:00 Dubai,17.735179901123047°C,28.45%
2023-06-18T03:30:00+04:00 Dubai,17.735179901123047°C,28.45%
2023-06-18T03:35:00+04:00 Dubai,17.735179901123047°C,28.45%
2023-06-18T03:40:00+04:00 Dubai,17.735179901123047°C,28.45%
2023-06-18T03:45:00+04:00 Dubai,17.735179901123047°C,28.45%
2023-06-18T03:50:00+04:00 Dubai,17.735179901123047°C,28.45%
2023-06-18T03:55:00+04:00 Dubai,17.735179901123047°C,28.45%
2023-06-18T04:00:00+04:00 Dubai,17.735179901123047°C,28.45%
2023-06-18T04:05:00+04:00 Dubai,17.735179901123047°C,28.45%
2023-06-18T04:10:00+04:00 Dubai,17.735179901123047°C,28.45%
2023-06-18T04:15:00+04:00 Dubai,17.735179901123047°C,28.45%
2023-06-18T04:20:00+04:00 Dubai,17.735179901123047°C,28.45%
2023-06-18T04:25:00+04:00 Dubai,17.735179901123047°C,28.45%
2023-06-18T04:30:00+04:00 Dubai,17.735179901123047°C,28.45%
2023-06-18T04:35:00+04:00 Dubai,17.735179901123047°C,28.45%
2023-06-18T04:40:00+04:00 Dubai,17.735179901123047°C,28.45%
2023-06-18T04:45:00+04:00 Dubai,17.735179901123047°C,28.45%
2023-06-18T04:50:00+04:00 Dubai,17.735179901123047°C,28.45%
2023-06-18T04:55:00+04:00 Dubai,17.735179901123047°C,28.45%
2023-06-18T05:00:00+04:00 Dubai,17.735179901123047°C,28.45%
2023-06-18T05:05:00+04:00 Dubai,17.735179901123047°C,28.45%
2023-06-18T05:10:00+04:00 Dubai,17.885087966918945°C,28.45%
2023-06-18T05:15:00+04:00 Dubai,17.885087966918945°C,28.45%
2023-06-18T05:20:00+04:00 Dubai,17.885087966918945°C,28.45%
2023-06-18T05:25:00+04:00 Dubai,17.885087966918945°C,28.45%
2023-06-18T05:30:00+04:00 Dubai,17.885087966918945°C,28.45%
2023-06-18T05:35:00+04:00 Dubai,17.885087966918945°C,28.45%
2023-06-18T05:40:00+04:00 Dubai,17.885087966918945°C,28.45%
2023-06-18T05:45:00+04:00 Dubai,17.885087966918945°C,28.45%
2023-06-18T05:50:00+04:00 Dubai,17.885087966918945°C,28.45%
2023-06-18T05:55:00+04:00 Dubai,18.033653259277344°C,28.45%
2023-06-18T06:00:00+04:00 Dubai,18.033653259277344°C,28.45%
2023-06-18T06:05:00+04:00 Dubai,16.08192253112793°C,40.86%
2023-06-18T06:10:00+04:00 Dubai,15.930157661437988°C,42.34%
2023-06-18T06:15:00+04:00 Dubai,15.930157661437988°C,43.39%
2023-06-18T06:20:00+04:00 Dubai,15.77814769744873°C,43.39%
2023-06-18T06:25:00+04:00 Dubai,15.629590034484863°C,43.39%
2023-06-18T06:30:00+04:00 Dubai,15.629590034484863°C,42.20%
2023-06-18T06:35:00+04:00 Dubai,15.629590034484863°C,42.20%
2023-06-18T06:40:00+04:00 Dubai,15.479913711547852°C,42.20%
2023-06-18T06:45:00+04:00 Dubai,15.479913711547852°C,42.20%
2023-06-18T06:50:00+04:00 Dubai,15.479913711547852°C,42.20%
2023-06-18T06:55:00+04:00 Dubai,15.479913711547852°C,42.20%
2023-06-18T07:00:00+04:00 Dubai,15.479913711547852°C,42.20%
2023-06-18T07:05:00+04:00 Dubai,15.780271530151367°C,46.22%
2023-06-18T07:10:00+04:00 Dubai,15.930407524108887°C,49.12%
2023-06-18T07:15:00+04:00 Dubai,15.930407524108887°C,49.12%
2023-06-18T07:20:00+04:00 Dubai,15.930407524108887°C,51.63%
2023-06-18T07:25:00+04:00 Dubai,15.930407524108887°C,52.90%
2023-06-18T07:30:00+04:00 Dubai,15.930407524108887°C,54.16%
2023-06-18T07:35:00+04:00 Dubai,15.930407524108887°C,56.63%
2023-06-18T07:40:00+04:00 Dubai,15.781895637512207°C,56.63%
2023-06-18T07:45:00+04:00 Dubai,15.781895637512207°C,59.20%
2023-06-18T07:50:00+04:00 Dubai,15.781895637512207°C,59.20%
2023-06-18T07:55:00+04:00 Dubai,15.781895637512207°C,60.34%
2023-06-18T08:00:00+04:00 Dubai,15.781895637512207°C,61.55%
2023-06-18T08:05:00+04:00 Dubai,15.781895637512207°C,62.74%
2023-06-18T08:10:00+04:00 Dubai,15.781895637512207°C,62.74%
2023-06-18T08:15:00+04:00 Dubai,15.781895637512207°C,65.11%
2023-06-18T08:20:00+04:00 Dubai,15.781895637512207°C,65.11%
2023-06-18T08:25:00+04:00 Dubai,15.781895637512207°C,66.20%
2023-06-18T08:30:00+04:00 Dubai,15.781895637512207°C,68.82%
2023-06-18T08:35:00+04:00 Dubai,15.781895637512207°C,69.90%
2023-06-18T08:40:00+04:00 Dubai,15.781895637512207°C,71.98%
2023-06-18T08:45:00+04:00 Dubai,15.781895637512207°C,73.11%
2023-06-18T08:50:00+04:00 Dubai,15.781895637512207°C,75.64%
2023-06-18T08:55:00+04:00 Dubai,15.781895637512207°C,77.79%
2023-06-18T09:00:00+04:00 Dubai,15.781895637512207°C,79.18%
2023-06-18T09:05:00+04:00 Dubai,15.781895637512207°C,80.57%
2023-06-18T09:10:00+04:00 Dubai,15.781895637512207°C,83.31%
2023-06-18T09:15:00+04:00 Dubai,15.781895637512207°C,84.35%
2023-06-18T09:20:00+04:00 Dubai,15.781895637512207°C,86.50%
2023-06-18T09:25:00+04:00 Dubai,15.781895637512207°C,88.66%
2023-06-18T09:30:00+04:00 Dubai,15.781895637512207°C,89.74%
2023-06-18T09:35:00+04:00 Dubai,15.781895637512207°C,91.96%
2023-06-18T09:40:00+04:00 Dubai,15.781895637512207°C,94.08%
2023-06-18T09:45:00+04:00 Dubai,15.781895637512207°C,95.31%
2023-06-18T09:50:00+04:00 Dubai,15.781895637512207°C,97.52%
2023-06-18T09:55:00+04:00 Dubai,15.781895637512207°C,99.95%
2023-06-18T10:00:00+04:00 Dubai,15.93240737915039°C,99.95%
2023-06-18T10:05:00+04:00 Dubai,15.93240737915039°C,99.95%
2023-06-18T10:10:00+04:00 Dubai,15.93240737915039°C,99.95%
2023-06-18T10:15:00+04:00 Dubai,15.93240737915039°C,99.95%
2023-06-18T10:20:00+04:00 Dubai,16.083173751831055°C,99.95%
2023-06-18T10:25:00+04:00 Dubai,16.083173751831055°C,99.95%
2023-06-18T10:30:00+04:00 Dubai,16.083173751831055°C,99.95%
2023-06-18T10:35:00+04:00 Dubai,15.933737754821777°C,99.95%
2023-06-18T10:40:00+04:00 Dubai,14.33572006225586°C,99.95%
2023-06-18T10:45:00+04:00 Dubai,13.398468971252441°C,84.98%
2023-06-18T10:50:00+04:00 Dubai,13.398468971252441°C,80.25%
2023-06-18T10:55:00+04:00 Dubai,13.398468971252441°C,76.66%
2023-06-18T11:00:00+04:00 Dubai,13.549229621887207°C,71.56%
2023-06-18T11:05:00+04:00 Dubai,13.549229621887207°C,68.77%
2023-06-18T11:10:00+04:00 Dubai,13.698184967041016°C,64.64%
2023-06-18T11:15:00+04:00 Dubai,13.698184967041016°C,62.30%
2023-06-18T11:20:00+04:00 Dubai,13.847757339477539°C,58.87%
2023-06-18T11:25:00+04:00 Dubai,13.847757339477539°C,57.31%
2023-06-18T11:30:00+04:00 Dubai,13.99728012084961°C,56.16%
2023-06-18T11:35:00+04:00 Dubai,13.99728012084961°C,53.64%
2023-06-18T11:40:00+04:00 Dubai,14.15050220489502°C,53.64%
2023-06-18T11:45:00+04:00 Dubai,14.15050220489502°C,53.64%
2023-06-18T11:50:00+04:00 Dubai,14.300230979919434°C,52.42%
2023-06-18T11:55:00+04:00 Dubai,14.300230979919434°C,51.31%
2023-06-18T12:00:00+04:00 Dubai,14.300230979919434°C,50.24%
2023-06-18T12:05:00+04:00 Dubai,14.44882583618164°C,49.95%
2023-06-18T12:10:00+04:00 Dubai,14.44882583618164°C,49.95%
2023-06-18T12:15:00+04:00 Dubai,14.44882583618164°C,49.95%
2023-06-18T12:20:00+04:00 Dubai,14.44882583618164°C,49.95%
2023-06-18T12:25:00+04:00 Dubai,14.44882583618164°C,49.95%
2023-06-18T12:30:00+04:00 Dubai,14.44882583618164°C,49.95%
2023-06-18T12:35:00+04:00 Dubai,14.44882583618164°C,49.95%
2023-06-18T12:40:00+04:00 Dubai,14.600031852722168°C,49.95%
2023-06-18T12:45:00+04:00 Dubai,14.600031852722168°C,49.95%
2023-06-18T12:50:00+04:00 Dubai,14.600031852722168°C,49.95%
2023-06-18T12:55:00+04:00 Dubai,14.600031852722168°C,49.95%
2023-06-18T13:00:00+04:00 Dubai,14.600031852722168°C,49.95%
2023-06-18T13:05:00+04:00 Dubai,14.600031852722168°C,49.95%
2023-06-18T13:10:00+04:00 Dubai,14.600031852722168°C,49.95%
2023-06-18T13:15:00+04:00 Dubai,14.600031852722168°C,49.95%
2023-06-18T13:20:00+04:00 Dubai,14.600031852722168°C,49.95%
2023-06-18T13:25:00+04:00 Dubai,14.600031852722168°C,49.95%
2023-06-18T13:30:00+04:00 Dubai,14.600031852722168°C,49.95%
2023-06-18T13:35:00+04:00 Dubai,14.451083183288574°C,49.95%
2023-06-18T13:40:00+04:00 Dubai,14.451083183288574°C,49.95%
2023-06-18T13:45:00+04:00 Dubai,14.451083183288574°C,49.95%
2023-06-18T13:50:00+04:00 Dubai,14.451083183288574°C,49.95%
2023-06-18T13:55:00+04:00 Dubai,14.451083183288574°C,49.95%
2023-06-18T14:00:00+04:00 Dubai,14.451083183288574°C,49.95%
2023-06-18T14:05:00+04:00 Dubai,14.451083183288574°C,49.95%
2023-06-18T14:10:00+04:00 Dubai,14.451083183288574°C,48.95%
2023-06-18T14:15:00+04:00 Dubai,14.451083183288574°C,48.95%
2023-06-18T14:20:00+04:00 Dubai,14.451083183288574°C,48.95%
2023-06-18T14:25:00+04:00 Dubai,14.451083183288574°C,48.95%
2023-06-18T14:30:00+04:00 Dubai,14.451083183288574°C,48.95%
2023-06-18T14:35:00+04:00 Dubai,14.451083183288574°C,48.95%
2023-06-18T14:40:00+04:00 Dubai,14.451083183288574°C,48.95%
2023-06-18T14:45:00+04:00 Dubai,14.451083183288574°C,48.95%
2023-06-18T14:50:00+04:00 Dubai,14.451083183288574°C,47.94%
2023-06-18T14:55:00+04:00 Dubai,14.451083183288574°C,47.94%
2023-06-18T15:00:00+04:00 Dubai,14.451083183288574°C,47.94%
2023-06-18T15:05:00+04:00 Dubai,14.451083183288574°C,47.94%
2023-06-18T15:10:00+04:00 Dubai,14.451083183288574°C,47.94%
2023-06-18T15:15:00+04:00 Dubai,14.59987735748291°C,47.94%
2023-06-18T15:20:00+04:00 Dubai,14.750438690185547°C,47.94%
2023-06-18T15:25:00+04:00 Dubai,14.750438690185547°C,47.94%
2023-06-18T15:30:00+04:00 Dubai,14.899497032165527°C,47.94%
2023-06-18T15:35:00+04:00 Dubai,14.899497032165527°C,47.94%
2023-06-18T15:40:00+04:00 Dubai,14.747986793518066°C,47.94%
2023-06-18T15:45:00+04:00 Dubai,14.747986793518066°C,47.94%
2023-06-18T15:50:00+04:00 Dubai,14.747986793518066°C,47.94%
2023-06-18T15:55:00+04:00 Dubai,14.59852409362793°C,47.94%
2023-06-18T16:00:00+04:00 Dubai,14.59852409362793°C,47.94%
2023-06-18T16:05:00+04:00 Dubai,14.59852409362793°C,47.94%
2023-06-18T16:10:00+04:00 Dubai,14.59852409362793°C,47.94%
2023-06-18T16:15:00+04:00 Dubai,14.59852409362793°C,47.94%
2023-06-18T16:20:00+04:00 Dubai,14.59852409362793°C,47.94%
2023-06-18T16:25:00+04:00 Dubai,14.59852409362793°C,47.94%
2023-06-18T16:30:00+04:00 Dubai,14.59852409362793°C,47.94%
2023-06-18T16:35:00+04:00 Dubai,14.59852409362793°C,47.94%
2023-06-18T16:40:00+04:00 Dubai,14.59852409362793°C,47.94%
2023-06-18T16:45:00+04:00 Dubai,14.449233055114746°C,46.92%
2023-06-18T16:50:00+04:00 Dubai,14.449233055114746°C,46.92%
2023-06-18T16:55:00+04:00 Dubai,14.449233055114746°C,46.92%
2023-06-18T17:00:00+04:00 Dubai,14.449233055114746°C,46.92%
2023-06-18T17:05:00+04:00 Dubai,14.449233055114746°C,46.92%
2023-06-18T17:10:00+04:00 Dubai,14.449233055114746°C,46.92%
2023-06-18T17:15:00+04:00 Dubai,14.449233055114746°C,46.92%
2023-06-18T17:20:00+04:00 Dubai,14.449233055114746°C,46.92%
2023-06-18T17:25:00+04:00 Dubai,14.449233055114746°C,45.75%
2023-06-18T17:30:00+04:00 Dubai,14.449233055114746°C,45.75%
2023-06-18T17:35:00+04:00 Dubai,14.449233055114746°C,44.66%
2023-06-18T17:40:00+04:00 Dubai,14.600923538208008°C,44.66%
2023-06-18T17:45:00+04:00 Dubai,14.600923538208008°C,44.66%
2023-06-18T17:50:00+04:00 Dubai,14.600923538208008°C,44.66%
2023-06-18T17:55:00+04:00 Dubai,14.600923538208008°C,44.66%
2023-06-18T18:00:00+04:00 Dubai,14.600923538208008°C,44.66%
2023-06-18T18:05:00+04:00 Dubai,14.600923538208008°C,44.66%
2023-06-18T18:10:00+04:00 Dubai,14.600923538208008°C,44.66%
2023-06-18T18:15:00+04:00 Dubai,14.600923538208008°C,44.66%
2023-06-18T18:20:00+04:00 Dubai,14.600923538208008°C,44.66%
2023-06-18T18:25:00+04:00 Dubai,14.600923538208008°C,44.66%
2023-06-18T18:30:00+04:00 Dubai,14.45185661315918°C,44.66%
2023-06-18T18:35:00+04:00 Dubai,14.45185661315918°C,43.65%
2023-06-18T18:40:00+04:00 Dubai,14.30135726928711°C,42.52%
2023-06-18T18:45:00+04:00 Dubai,14.30135726928711°C,40.34%
2023-06-18T18:50:00+04:00 Dubai,14.451550483703613°C,41.46%
2023-06-18T18:55:00+04:00 Dubai,14.451550483703613°C,41.46%
2023-06-18T19:00:00+04:00 Dubai,14.451550483703613°C,41.46%
2023-06-18T19:05:00+04:00 Dubai,14.300971984863281°C,38.22%
2023-06-18T19:10:00+04:00 Dubai,14.300971984863281°C,36.04%
2023-06-18T19:15:00+04:00 Dubai,14.449904441833496°C,37.26%
2023-06-18T19:20:00+04:00 Dubai,14.751288414001465°C,37.26%
2023-06-18T19:25:00+04:00 Dubai,14.751288414001465°C,37.26%
2023-06-18T19:30:00+04:00 Dubai,14.751288414001465°C,37.26%
2023-06-18T19:35:00+04:00 Dubai,14.899958610534668°C,37.26%
2023-06-18T19:40:00+04:00 Dubai,14.899958610534668°C,37.26%
2023-06-18T19:45:00+04:00 Dubai,14.899958610534668°C,37.26%
2023-06-18T19:50:00+04:00 Dubai,14.899958610534668°C,37.26%
2023-06-18T19:55:00+04:00 Dubai,15.050379753112793°C,37.26%
2023-06-18T20:00:00+04:00 Dubai,15.050379753112793°C,37.26%
2023-06-18T20:05:00+04:00 Dubai,15.050379753112793°C,37.26%
2023-06-18T20:10:00+04:00 Dubai,15.050379753112793°C,37.26%
2023-06-18T20:15:00+04:00 Dubai,15.198970794677734°C,37.26%
2023-06-18T20:20:00+04:00 Dubai,15.198970794677734°C,37.26%
2023-06-18T20:25:00+04:00 Dubai,15.198970794677734°C,37.26%
2023-06-18T20:30:00+04:00 Dubai,15.198970794677734°C,37.26%
2023-06-18T20:35:00+04:00 Dubai,15.348103523254395°C,37.26%
2023-06-18T20:40:00+04:00 Dubai,15.348103523254395°C,37.26%
2023-06-18T20:45:00+04:00 Dubai,15.348103523254395°C,37.26%
2023-06-18T20:50:00+04:00 Dubai,15.348103523254395°C,37.26%
2023-06-18T20:55:00+04:00 Dubai,15.348103523254395°C,37.26%
2023-06-18T21:00:00+04:00 Dubai,15.348103523254395°C,37.26%
2023-06-18T21:05:00+04:00 Dubai,15.348103523254395°C,37.26%
2023-06-18T21:10:00+04:00 Dubai,15.348103523254395°C,37.26%
2023-06-18T21:15:00+04:00 Dubai,15.348103523254395°C,37.26%
2023-06-18T21:20:00+04:00 Dubai,15.348103523254395°C,37.26%
2023-06-18T21:25:00+04:00 Dubai,15.348103523254395°C,37.26%
2023-06-18T21:30:00+04:00 Dubai,15.348103523254395°C,37.26%
2023-06-18T21:35:00+04:00 Dubai,15.348103523254395°C,37.26%
2023-06-18T21:40:00+04:00 Dubai,15.348103523254395°C,37.26%
2023-06-18T21:45:00+04:00 Dubai,15.348103523254395°C,37.26%
2023-06-18T21:50:00+04:00 Dubai,15.496835708618164°C,37.26%
2023-06-18T21:55:00+04:00 Dubai,15.496835708618164°C,37.26%
2023-06-18T22:00:00+04:00 Dubai,15.496835708618164°C,37.26%
2023-06-18T22:05:00+04:00 Dubai,15.496835708618164°C,37.26%
2023-06-18T22:10:00+04:00 Dubai,15.496835708618164°C,37.26%
2023-06-18T22:15:00+04:00 Dubai,15.496835708618164°C,37.26%
2023-06-18T22:20:00+04:00 Dubai,15.496835708618164°C,37.26%
2023-06-18T22:25:00+04:00 Dubai,15.496835708618164°C,37.26%
2023-06-18T22:30:00+04:00 Dubai,15.496835708618164°C,38.92%
2023-06-18T22:35:00+04:00 Dubai,15.645955085754395°C,39.94%
2023-06-18T22:40:00+04:00 Dubai,15.4974365234375°C,38.82%
2023-06-18T22:45:00+04:00 Dubai,15.4974365234375°C,38.82%
2023-06-18T22:50:00+04:00 Dubai,15.348615646362305°C,38.82%
2023-06-18T22:55:00+04:00 Dubai,15.348615646362305°C,38.82%
2023-06-18T23:00:00+04:00 Dubai,15.348615646362305°C,38.82%
2023-06-18T23:05:00+04:00 Dubai,15.348615646362305°C,38.82%
2023-06-18T23:10:00+04:00 Dubai,15.348615646362305°C,38.82%
2023-06-18T23:15:00+04:00 Dubai,15.348615646362305°C,38.82%
2023-06-18T23:20:00+04:00 Dubai,15.348615646362305°C,38.82%
2023-06-18T23:25:00+04:00 Dubai,15.348615646362305°C,38.82%
2023-06-18T23:30:00+04:00 Dubai,15.348615646362305°C,38.82%
2023-06-18T23:35:00+04:00 Dubai,15.348615646362305°C,38.82%
2023-06-18T23:40:00+04:00 Dubai,15.348615646362305°C,38.82%
2023-06-18T23:45:00+04:00 Dubai,15.348615646362305°C,38.82%
2023-06-18T23:50:00+04:00 Dubai,15.348615646362305°C,38.82%
2023-06-18T23:55:00+04:00 Dubai,15.348615646362305°C,38.82%
2023-06-19T00:00:00+04:00 Dubai,16.807825088500977°C,25.09%
2023-06-19T00:05:00+04:00 Dubai,17.26298713684082°C,26.23%
2023-06-19T00:10:00+04:00 Dubai,16.854591369628906°C,20.87%
2023-06-19T00:15:00+04:00 Dubai,17.3111629486084°C,25.29%
2023-06-19T00:20:00+04:00 Dubai,17.462787628173828°C,26.41%
2023-06-19T00:25:00+04:00 Dubai,17.611392974853516°C,26.41%
2023-06-19T00:30:00+04:00 Dubai,17.76151466369629°C,26.41%
2023-06-19T00:35:00+04:00 Dubai,17.76151466369629°C,26.41%
2023-06-19T00:40:00+04:00 Dubai,17.910396575927734°C,26.41%
2023-06-19T00:45:00+04:00 Dubai,17.910396575927734°C,26.41%
2023-06-19T00:50:00+04:00 Dubai,18.059776306152344°C,26.41%
2023-06-19T00:55:00+04:00 Dubai,18.059776306152344°C,26.41%
2023-06-19T01:00:00+04:00 Dubai,18.209043502807617°C,26.41%
2023-06-19T01:05:00+04:00 Dubai,18.209043502807617°C,26.41%
2023-06-19T01:10:00+04:00 Dubai,18.209043502807617°C,26.41%
2023-06-19T01:15:00+04:00 Dubai,18.209043502807617°C,26.41%
2023-06-19T01:20:00+04:00 Dubai,18.35818862915039°C,26.41%
2023-06-19T01:25:00+04:00 Dubai,18.35818862915039°C,26.41%
2023-06-19T01:30:00+04:00 Dubai,18.35818862915039°C,26.41%
2023-06-19T01:35:00+04:00 Dubai,18.506887435913086°C,26.41%
2023-06-19T01:40:00+04:00 Dubai,18.506887435913086°C,26.41%
2023-06-19T01:45:00+04:00 Dubai,18.506887435913086°C,27.49%
2023-06-19T01:50:00+04:00 Dubai,18.506887435913086°C,27.49%
2023-06-19T01:55:00+04:00 Dubai,18.506887435913086°C,28.48%
2023-06-19T02:00:00+04:00 Dubai,18.506887435913086°C,29.52%
2023-06-19T02:05:00+04:00 Dubai,18.506887435913086°C,29.52%
2023-06-19T02:10:00+04:00 Dubai,18.506887435913086°C,30.65%
2023-06-19T02:15:00+04:00 Dubai,18.20243263244629°C,30.65%
2023-06-19T02:20:00+04:00 Dubai,18.05303192138672°C,30.65%
2023-06-19T02:25:00+04:00 Dubai,18.05303192138672°C,30.65%
2023-06-19T02:30:00+04:00 Dubai,17.904001235961914°C,30.65%
2023-06-19T02:35:00+04:00 Dubai,17.904001235961914°C,30.65%
2023-06-19T02:40:00+04:00 Dubai,17.904001235961914°C,30.65%
2023-06-19T02:45:00+04:00 Dubai,17.904001235961914°C,30.65%
2023-06-19T02:50:00+04:00 Dubai,17.904001235961914°C,30.65%
2023-06-19T02:55:00+04:00 Dubai,17.904001235961914°C,30.65%
2023-06-19T03:00:00+04:00 Dubai,17.75542449951172°C,30.65%
2023-06-19T03:05:00+04:00 Dubai,17.75542449951172°C,30.65%
2023-06-19T03:10:00+04:00 Dubai,17.75542449951172°C,30.65%
2023-06-19T03:15:00+04:00 Dubai,17.75542449951172°C,30.65%
2023-06-19T03:20:00+04:00 Dubai,17.75542449951172°C,30.65%
2023-06-19T03:25:00+04:00 Dubai,17.75542449951172°C,30.65%
2023-06-19T03:30:00+04:00 Dubai,17.75542449951172°C,30.65%
2023-06-19T03:35:00+04:00 Dubai,17.75542449951172°C,30.65%
2023-06-19T03:40:00+04:00 Dubai,17.75542449951172°C,30.65%
2023-06-19T03:45:00+04:00 Dubai,17.75542449951172°C,30.65%
2023-06-19T03:50:00+04:00 Dubai,17.75542449951172°C,30.65%
2023-06-19T03:55:00+04:00 Dubai,17.75542449951172°C,30.65%
2023-06-19T04:00:00+04:00 Dubai,17.75542449951172°C,30.65%
2023-06-19T04:05:00+04:00 Dubai,17.75542449951172°C,30.65%
2023-06-19T04:10:00+04:00 Dubai,17.75542449951172°C,30.65%
2023-06-19T04:15:00+04:00 Dubai,17.75542449951172°C,30.65%
2023-06-19T04:20:00+04:00 Dubai,17.75542449951172°C,30.65%
2023-06-19T04:25:00+04:00 Dubai,17.75542449951172°C,30.65%
2023-06-19T04:30:00+04:00 Dubai,17.75542449951172°C,30.65%
2023-06-19T04:35:00+04:00 Dubai,17.75542449951172°C,30.65%
2023-06-19T04:40:00+04:00 Dubai,17.75542449951172°C,30.65%
2023-06-19T04:45:00+04:00 Dubai,17.75542449951172°C,30.65%
2023-06-19T04:50:00+04:00 Dubai,17.75542449951172°C,30.65%
2023-06-19T04:55:00+04:00 Dubai,17.75542449951172°C,30.65%
2023-06-19T05:00:00+04:00 Dubai,17.75542449951172°C,30.65%
2023-06-19T05:05:00+04:00 Dubai,17.75542449951172°C,30.65%
2023-06-19T05:10:00+04:00 Dubai,17.75542449951172°C,30.65%
2023-06-19T05:15:00+04:00 Dubai,17.75542449951172°C,30.65%
2023-06-19T05:20:00+04:00 Dubai,17.75542449951172°C,30.65%
2023-06-19T05:25:00+04:00 Dubai,17.75542449951172°C,30.65%
2023-06-19T05:30:00+04:00 Dubai,17.75542449951172°C,30.65%
2023-06-19T05:35:00+04:00 Dubai,17.75542449951172°C,30.65%
2023-06-19T05:40:00+04:00 Dubai,17.75542449951172°C,30.65%
2023-06-19T05:45:00+04:00 Dubai,17.75542449951172°C,30.65%
2023-06-19T05:50:00+04:00 Dubai,17.75542449951172°C,30.65%
2023-06-19T05:55:00+04:00 Dubai,17.75542449951172°C,30.65%
2023-06-19T06:00:00+04:00 Dubai,17.75542449951172°C,30.65%
2023-06-19T06:05:00+04:00 Dubai,15.86320686340332°C,40.26%
2023-06-19T06:10:00+04:00 Dubai,16.015148162841797°C,43.04%
2023-06-19T06:15:00+04:00 Dubai,15.86525821685791°C,43.04%
2023-06-19T06:20:00+04:00 Dubai,15.716443061828613°C,43.04%
2023-06-19T06:25:00+04:00 Dubai,15.567090034484863°C,43.04%
2023-06-19T06:30:00+04:00 Dubai,15.567090034484863°C,41.99%
2023-06-19T06:35:00+04:00 Dubai,15.418329238891602°C,41.99%
2023-06-19T06:40:00+04:00 Dubai,15.418329238891602°C,41.99%
2023-06-19T06:45:00+04:00 Dubai,15.418329238891602°C,41.99%
2023-06-19T06:50:00+04:00 Dubai,15.26905632019043°C,41.99%
2023-06-19T06:55:00+04:00 Dubai,15.26905632019043°C,41.99%
2023-06-19T07:00:00+04:00 Dubai,15.26905632019043°C,41.99%
2023-06-19T07:05:00+04:00 Dubai,16.05219268798828°C,47.86%
2023-06-19T07:10:00+04:00 Dubai,16.201889038085938°C,51.82%
2023-06-19T07:15:00+04:00 Dubai,16.050363540649414°C,54.40%
2023-06-19T07:20:00+04:00 Dubai,16.050363540649414°C,55.80%
2023-06-19T07:25:00+04:00 Dubai,16.050363540649414°C,57.96%
2023-06-19T07:30:00+04:00 Dubai,16.050363540649414°C,59.33%
2023-06-19T07:35:00+04:00 Dubai,15.899312019348145°C,60.84%
2023-06-19T07:40:00+04:00 Dubai,15.899312019348145°C,63.00%
2023-06-19T07:45:00+04:00 Dubai,15.899312019348145°C,64.30%
2023-06-19T07:50:00+04:00 Dubai,15.899312019348145°C,66.54%
2023-06-19T07:55:00+04:00 Dubai,15.899312019348145°C,67.63%
2023-06-19T08:00:00+04:00 Dubai,15.899312019348145°C,69.68%
2023-06-19T08:05:00+04:00 Dubai,15.899312019348145°C,70.98%
2023-06-19T08:10:00+04:00 Dubai,15.899312019348145°C,73.08%
2023-06-19T08:15:00+04:00 Dubai,15.899312019348145°C,75.29%
2023-06-19T08:20:00+04:00 Dubai,15.899312019348145°C,76.68%
2023-06-19T08:25:00+04:00 Dubai,15.899312019348145°C,78.81%
2023-06-19T08:30:00+04:00 Dubai,15.899312019348145°C,79.88%
2023-06-19T08:35:00+04:00 Dubai,15.899312019348145°C,82.03%
2023-06-19T08:40:00+04:00 Dubai,15.899312019348145°C,84.18%
2023-06-19T08:45:00+04:00 Dubai,15.899312019348145°C,85.25%
2023-06-19T08:50:00+04:00 Dubai,15.899312019348145°C,87.40%
2023-06-19T08:55:00+04:00 Dubai,15.899312019348145°C,90.37%
2023-06-19T09:00:00+04:00 Dubai,15.899312019348145°C,92.76%
2023-06-19T09:05:00+04:00 Dubai,16.048147201538086°C,97.19%
2023-06-19T09:10:00+04:00 Dubai,16.048147201538086°C,98.81%
2023-06-19T09:15:00+04:00 Dubai,14.784791946411133°C,94.90%
2023-06-19T09:20:00+04:00 Dubai,13.67344856262207°C,83.74%
2023-06-19T09:25:00+04:00 Dubai,13.522457122802734°C,78.12%
2023-06-19T09:30:00+04:00 Dubai,13.522457122802734°C,74.00%
2023-06-19T09:35:00+04:00 Dubai,13.671049118041992°C,70.13%
2023-06-19T09:40:00+04:00 Dubai,13.671049118041992°C,67.11%
2023-06-19T09:45:00+04:00 Dubai,13.671049118041992°C,64.48%
2023-06-19T09:50:00+04:00 Dubai,13.822672843933105°C,61.78%
2023-06-19T09:55:00+04:00 Dubai,13.972554206848145°C,60.71%
2023-06-19T10:00:00+04:00 Dubai,13.972554206848145°C,59.52%
2023-06-19T10:05:00+04:00 Dubai,14.122380256652832°C,58.38%
2023-06-19T10:10:00+04:00 Dubai,14.273369789123535°C,58.38%
2023-06-19T10:15:00+04:00 Dubai,14.273369789123535°C,58.38%
2023-06-19T10:20:00+04:00 Dubai,14.273369789123535°C,58.38%
2023-06-19T10:25:00+04:00 Dubai,14.423384666442871°C,58.38%
2023-06-19T10:30:00+04:00 Dubai,14.423384666442871°C,58.38%
2023-06-19T10:35:00+04:00 Dubai,14.423384666442871°C,58.38%
2023-06-19T10:40:00+04:00 Dubai,14.423384666442871°C,58.38%
2023-06-19T10:45:00+04:00 Dubai,14.423384666442871°C,58.38%
2023-06-19T10:50:00+04:00 Dubai,14.423384666442871°C,58.38%
2023-06-19T10:55:00+04:00 Dubai,14.423384666442871°C,58.38%
2023-06-19T11:00:00+04:00 Dubai,14.423384666442871°C,58.38%
2023-06-19T11:05:00+04:00 Dubai,14.423384666442871°C,58.38%
2023-06-19T11:10:00+04:00 Dubai,14.423384666442871°C,58.38%
2023-06-19T11:15:00+04:00 Dubai,14.423384666442871°C,57.38%
2023-06-19T11:20:00+04:00 Dubai,14.423384666442871°C,57.38%
2023-06-19T11:25:00+04:00 Dubai,14.423384666442871°C,57.38%
2023-06-19T11:30:00+04:00 Dubai,14.423384666442871°C,57.38%
2023-06-19T11:35:00+04:00 Dubai,14.423384666442871°C,56.18%
2023-06-19T11:40:00+04:00 Dubai,14.423384666442871°C,56.18%
2023-06-19T11:45:00+04:00 Dubai,14.423384666442871°C,55.14%
2023-06-19T11:50:00+04:00 Dubai,14.423384666442871°C,55.14%
2023-06-19T11:55:00+04:00 Dubai,14.572813034057617°C,55.14%
2023-06-19T12:00:00+04:00 Dubai,14.572813034057617°C,55.14%
2023-06-19T12:05:00+04:00 Dubai,14.572813034057617°C,55.14%
2023-06-19T12:10:00+04:00 Dubai,14.572813034057617°C,55.14%
2023-06-19T12:15:00+04:00 Dubai,14.572813034057617°C,55.14%
2023-06-19T12:20:00+04:00 Dubai,14.721701622009277°C,55.14%
2023-06-19T12:25:00+04:00 Dubai,14.721701622009277°C,55.14%
2023-06-19T12:30:00+04:00 Dubai,14.873106002807617°C,55.14%
2023-06-19T12:35:00+04:00 Dubai,14.873106002807617°C,55.14%
2023-06-19T12:40:00+04:00 Dubai,14.873106002807617°C,55.14%
2023-06-19T12:45:00+04:00 Dubai,14.873106002807617°C,55.14%
2023-06-19T12:50:00+04:00 Dubai,14.873106002807617°C,55.14%
2023-06-19T12:55:00+04:00 Dubai,14.873106002807617°C,55.14%
2023-06-19T13:00:00+04:00 Dubai,14.873106002807617°C,55.14%
2023-06-19T13:05:00+04:00 Dubai,14.873106002807617°C,55.14%
2023-06-19T13:10:00+04:00 Dubai,14.873106002807617°C,55.14%
2023-06-19T13:15:00+04:00 Dubai,14.873106002807617°C,55.14%
2023-06-19T13:20:00+04:00 Dubai,14.873106002807617°C,55.14%
2023-06-19T13:25:00+04:00 Dubai,14.724013328552246°C,55.14%
2023-06-19T13:30:00+04:00 Dubai,14.724013328552246°C,55.14%
2023-06-19T13:35:00+04:00 Dubai,14.724013328552246°C,55.14%
2023-06-19T13:40:00+04:00 Dubai,14.872965812683105°C,55.14%
2023-06-19T13:45:00+04:00 Dubai,14.872965812683105°C,55.14%
2023-06-19T13:50:00+04:00 Dubai,14.872965812683105°C,55.14%
2023-06-19T13:55:00+04:00 Dubai,14.872965812683105°C,55.14%
2023-06-19T14:00:00+04:00 Dubai,14.872965812683105°C,55.14%
2023-06-19T14:05:00+04:00 Dubai,14.872965812683105°C,55.14%
2023-06-19T14:10:00+04:00 Dubai,14.872965812683105°C,55.14%
2023-06-19T14:15:00+04:00 Dubai,14.872965812683105°C,55.14%
2023-06-19T14:20:00+04:00 Dubai,14.872965812683105°C,55.14%
2023-06-19T14:25:00+04:00 Dubai,14.872965812683105°C,55.14%
2023-06-19T14:30:00+04:00 Dubai,14.872965812683105°C,55.14%
2023-06-19T14:35:00+04:00 Dubai,14.872965812683105°C,55.14%
2023-06-19T14:40:00+04:00 Dubai,14.872965812683105°C,55.14%
2023-06-19T14:45:00+04:00 Dubai,14.872965812683105°C,55.14%
2023-06-19T14:50:00+04:00 Dubai,14.872965812683105°C,55.14%
2023-06-19T14:55:00+04:00 Dubai,14.872965812683105°C,55.14%
2023-06-19T15:00:00+04:00 Dubai,14.723937034606934°C,55.14%
2023-06-19T15:05:00+04:00 Dubai,14.723937034606934°C,55.14%
2023-06-19T15:10:00+04:00 Dubai,14.723937034606934°C,55.14%
2023-06-19T15:15:00+04:00 Dubai,14.723937034606934°C,55.14%
2023-06-19T15:20:00+04:00 Dubai,14.723937034606934°C,55.14%
2023-06-19T15:25:00+04:00 Dubai,14.723937034606934°C,55.14%
2023-06-19T15:30:00+04:00 Dubai,14.723937034606934°C,55.14%
2023-06-19T15:35:00+04:00 Dubai,14.723937034606934°C,55.14%
2023-06-19T15:40:00+04:00 Dubai,14.723937034606934°C,55.14%
2023-06-19T15:45:00+04:00 Dubai,14.723937034606934°C,55.14%
2023-06-19T15:50:00+04:00 Dubai,14.723937034606934°C,55.14%
2023-06-19T15:55:00+04:00 Dubai,14.723937034606934°C,55.14%
2023-06-19T16:00:00+04:00 Dubai,14.723937034606934°C,55.14%
2023-06-19T16:05:00+04:00 Dubai,14.723937034606934°C,55.14%
2023-06-19T16:10:00+04:00 Dubai,14.723937034606934°C,55.14%
2023-06-19T16:15:00+04:00 Dubai,14.723937034606934°C,55.14%
2023-06-19T16:20:00+04:00 Dubai,14.723937034606934°C,55.14%
2023-06-19T16:25:00+04:00 Dubai,14.723937034606934°C,55.14%
2023-06-19T16:30:00+04:00 Dubai,14.723937034606934°C,55.14%
2023-06-19T16:35:00+04:00 Dubai,14.723937034606934°C,55.14%
2023-06-19T16:40:00+04:00 Dubai,14.723937034606934°C,55.14%
2023-06-19T16:45:00+04:00 Dubai,14.723937034606934°C,55.14%
2023-06-19T16:50:00+04:00 Dubai,14.723937034606934°C,55.14%
2023-06-19T16:55:00+04:00 Dubai,14.723937034606934°C,55.14%
2023-06-19T17:00:00+04:00 Dubai,14.723937034606934°C,55.14%
2023-06-19T17:05:00+04:00 Dubai,14.723937034606934°C,55.14%
2023-06-19T17:10:00+04:00 Dubai,14.723937034606934°C,55.14%
2023-06-19T17:15:00+04:00 Dubai,14.723937034606934°C,55.14%
2023-06-19T17:20:00+04:00 Dubai,14.723937034606934°C,55.14%
2023-06-19T17:25:00+04:00 Dubai,14.723937034606934°C,55.14%
2023-06-19T17:30:00+04:00 Dubai,14.723937034606934°C,55.14%
2023-06-19T17:35:00+04:00 Dubai,14.575106620788574°C,55.14%
2023-06-19T17:40:00+04:00 Dubai,14.575106620788574°C,55.14%
2023-06-19T17:45:00+04:00 Dubai,14.42580509185791°C,54.14%
2023-06-19T17:50:00+04:00 Dubai,14.42580509185791°C,53.05%
2023-06-19T17:55:00+04:00 Dubai,14.42580509185791°C,51.80%
2023-06-19T18:00:00+04:00 Dubai,14.42580509185791°C,51.80%
2023-06-19T18:05:00+04:00 Dubai,14.42580509185791°C,51.80%
2023-06-19T18:10:00+04:00 Dubai,14.42580509185791°C,50.69%
2023-06-19T18:15:00+04:00 Dubai,14.42580509185791°C,49.67%
2023-06-19T18:20:00+04:00 Dubai,14.42580509185791°C,48.53%
2023-06-19T18:25:00+04:00 Dubai,14.277047157287598°C,47.42%
2023-06-19T18:30:00+04:00 Dubai,14.42629623413086°C,47.42%
2023-06-19T18:35:00+04:00 Dubai,14.42629623413086°C,47.42%
2023-06-19T18:40:00+04:00 Dubai,14.42629623413086°C,47.42%
2023-06-19T18:45:00+04:00 Dubai,14.42629623413086°C,47.42%
2023-06-19T18:50:00+04:00 Dubai,14.42629623413086°C,47.42%
2023-06-19T18:55:00+04:00 Dubai,14.42629623413086°C,46.25%
2023-06-19T19:00:00+04:00 Dubai,14.42629623413086°C,45.13%
2023-06-19T19:05:00+04:00 Dubai,14.124438285827637°C,42.16%
2023-06-19T19:10:00+04:00 Dubai,14.274031639099121°C,42.16%
2023-06-19T19:15:00+04:00 Dubai,14.274031639099121°C,42.16%
2023-06-19T19:20:00+04:00 Dubai,14.274031639099121°C,41.12%
2023-06-19T19:25:00+04:00 Dubai,14.274031639099121°C,40.04%
2023-06-19T19:30:00+04:00 Dubai,14.274031639099121°C,39.00%
2023-06-19T19:35:00+04:00 Dubai,14.573720932006836°C,40.01%
2023-06-19T19:40:00+04:00 Dubai,14.722664833068848°C,40.01%
2023-06-19T19:45:00+04:00 Dubai,14.722664833068848°C,40.01%
2023-06-19T19:50:00+04:00 Dubai,14.871925354003906°C,40.01%
2023-06-19T19:55:00+04:00 Dubai,14.871925354003906°C,40.01%
2023-06-19T20:00:00+04:00 Dubai,14.871925354003906°C,40.01%
2023-06-19T20:05:00+04:00 Dubai,15.020998001098633°C,40.01%
2023-06-19T20:10:00+04:00 Dubai,15.020998001098633°C,40.01%
2023-06-19T20:15:00+04:00 Dubai,15.020998001098633°C,40.01%
2023-06-19T20:20:00+04:00 Dubai,15.020998001098633°C,40.01%
2023-06-19T20:25:00+04:00 Dubai,15.1703462600708°C,40.01%
2023-06-19T20:30:00+04:00 Dubai,15.1703462600708°C,40.01%
2023-06-19T20:35:00+04:00 Dubai,15.1703462600708°C,40.01%
2023-06-19T20:40:00+04:00 Dubai,15.1703462600708°C,40.01%
2023-06-19T20:45:00+04:00 Dubai,15.1703462600708°C,40.01%
2023-06-19T20:50:00+04:00 Dubai,15.1703462600708°C,40.01%
2023-06-19T20:55:00+04:00 Dubai,15.1703462600708°C,40.01%
2023-06-19T21:00:00+04:00 Dubai,15.1703462600708°C,40.01%
2023-06-19T21:05:00+04:00 Dubai,15.1703462600708°C,40.01%
2023-06-19T21:10:00+04:00 Dubai,15.1703462600708°C,40.01%
2023-06-19T21:15:00+04:00 Dubai,15.1703462600708°C,40.01%
2023-06-19T21:20:00+04:00 Dubai,15.1703462600708°C,40.01%
2023-06-19T21:25:00+04:00 Dubai,15.1703462600708°C,40.01%
2023-06-19T21:30:00+04:00 Dubai,15.1703462600708°C,40.01%
2023-06-19T21:35:00+04:00 Dubai,15.1703462600708°C,40.01%
2023-06-19T21:40:00+04:00 Dubai,15.1703462600708°C,40.01%
2023-06-19T21:45:00+04:00 Dubai,15.1703462600708°C,40.01%
2023-06-19T21:50:00+04:00 Dubai,15.1703462600708°C,40.01%
2023-06-19T21:55:00+04:00 Dubai,15.1703462600708°C,40.01%
2023-06-19T22:00:00+04:00 Dubai,15.1703462600708°C,40.01%
2023-06-19T22:05:00+04:00 Dubai,15.1703462600708°C,40.01%
2023-06-19T22:10:00+04:00 Dubai,15.1703462600708°C,40.01%
2023-06-19T22:15:00+04:00 Dubai,15.1703462600708°C,40.01%
2023-06-19T22:20:00+04:00 Dubai,15.1703462600708°C,40.01%
2023-06-19T22:25:00+04:00 Dubai,15.1703462600708°C,40.01%
2023-06-19T22:30:00+04:00 Dubai,15.1703462600708°C,40.01%
2023-06-19T22:35:00+04:00 Dubai,15.1703462600708°C,40.01%
2023-06-19T22:40:00+04:00 Dubai,15.1703462600708°C,40.01%
2023-06-19T22:45:00+04:00 Dubai,15.1703462600708°C,40.01%
2023-06-19T22:50:00+04:00 Dubai,15.1703462600708°C,40.01%
2023-06-19T22:55:00+04:00 Dubai,15.1703462600708°C,40.01%
2023-06-19T23:00:00+04:00 Dubai,15.1703462600708°C,40.01%
2023-06-19T23:05:00+04:00 Dubai,15.1703462600708°C,40.01%
2023-06-19T23:10:00+04:00 Dubai,15.1703462600708°C,40.01%
2023-06-19T23:15:00+04:00 Dubai,15.1703462600708°C,40.01%
2023-06-19T23:20:00+04:00 Dubai,15.1703462600708°C,40.01%
2023-06-19T23:25:00+04:00 Dubai,15.1703462600708°C,40.01%
2023-06-19T23:30:00+04:00 Dubai,15.1703462600708°C,40.01%
2023-06-19T23:35:00+04:00 Dubai,15.1703462600708°C,40.01%
2023-06-19T23:40:00+04:00 Dubai,15.1703462600708°C,40.01%
2023-06-19T23:45:00+04:00 Dubai,15.1703462600708°C,40.01%
2023-06-19T23:50:00+04:00 Dubai,15.1703462600708°C,40.01%
2023-06-19T23:55:00+04:00 Dubai,15.1703462600708°C,40.01%
2023-06-20T00:00:00+04:00 Dubai,16.823518753051758°C,25.92%
2023-06-20T00:05:00+04:00 Dubai,17.27735137939453°C,28.78%
2023-06-20T00:10:00+04:00 Dubai,16.862096786499023°C,22.07%
2023-06-20T00:15:00+04:00 Dubai,17.317134857177734°C,25.96%
2023-06-20T00:20:00+04:00 Dubai,17.466245651245117°C,27.16%
2023-06-20T00:25:00+04:00 Dubai,17.615766525268555°C,27.16%
2023-06-20T00:30:00+04:00 Dubai,17.76491928100586°C,27.16%
2023-06-20T00:35:00+04:00 Dubai,17.76491928100586°C,27.16%
2023-06-20T00:40:00+04:00 Dubai,17.76491928100586°C,27.16%
2023-06-20T00:45:00+04:00 Dubai,17.91348648071289°C,27.16%
2023-06-20T00:50:00+04:00 Dubai,17.91348648071289°C,27.16%
2023-06-20T00:55:00+04:00 Dubai,18.06412696838379°C,27.16%
2023-06-20T01:00:00+04:00 Dubai,18.06412696838379°C,27.16%
2023-06-20T01:05:00+04:00 Dubai,18.06412696838379°C,27.16%
2023-06-20T01:10:00+04:00 Dubai,18.212804794311523°C,27.16%
2023-06-20T01:15:00+04:00 Dubai,18.212804794311523°C,27.16%
2023-06-20T01:20:00+04:00 Dubai,18.212804794311523°C,27.16%
2023-06-20T01:25:00+04:00 Dubai,18.212804794311523°C,27.16%
2023-06-20T01:30:00+04:00 Dubai,18.362157821655273°C,27.16%
2023-06-20T01:35:00+04:00 Dubai,18.362157821655273°C,27.16%
2023-06-20T01:40:00+04:00 Dubai,18.362157821655273°C,27.16%
2023-06-20T01:45:00+04:00 Dubai,18.362157821655273°C,27.16%
2023-06-20T01:50:00+04:00 Dubai,18.362157821655273°C,27.16%
2023-06-20T01:55:00+04:00 Dubai,18.362157821655273°C,27.16%
2023-06-20T02:00:00+04:00 Dubai,18.511085510253906°C,27.16%
2023-06-20T02:05:00+04:00 Dubai,18.511085510253906°C,27.16%
2023-06-20T02:10:00+04:00 Dubai,18.511085510253906°C,28.25%
2023-06-20T02:15:00+04:00 Dubai,18.511085510253906°C,28.25%
2023-06-20T02:20:00+04:00 Dubai,18.511085510253906°C,29.31%
2023-06-20T02:25:00+04:00 Dubai,18.511085510253906°C,29.31%
2023-06-20T02:30:00+04:00 Dubai,18.511085510253906°C,29.31%
2023-06-20T02:35:00+04:00 Dubai,18.511085510253906°C,30.52%
2023-06-20T02:40:00+04:00 Dubai,18.511085510253906°C,31.61%
2023-06-20T02:45:00+04:00 Dubai,18.20284652709961°C,31.61%
2023-06-20T02:50:00+04:00 Dubai,18.05284881591797°C,31.61%
2023-06-20T02:55:00+04:00 Dubai,18.05284881591797°C,31.61%
2023-06-20T03:00:00+04:00 Dubai,18.05284881591797°C,31.61%
2023-06-20T03:05:00+04:00 Dubai,17.904035568237305°C,31.61%
2023-06-20T03:10:00+04:00 Dubai,17.904035568237305°C,31.61%
2023-06-20T03:15:00+04:00 Dubai,17.904035568237305°C,31.61%
2023-06-20T03:20:00+04:00 Dubai,17.904035568237305°C,31.61%
2023-06-20T03:25:00+04:00 Dubai,17.904035568237305°C,31.61%
2023-06-20T03:30:00+04:00 Dubai,17.904035568237305°C,31.61%
2023-06-20T03:35:00+04:00 Dubai,17.904035568237305°C,31.61%
2023-06-20T03:40:00+04:00 Dubai,17.904035568237305°C,31.61%
2023-06-20T03:45:00+04:00 Dubai,17.904035568237305°C,31.61%
2023-06-20T03:50:00+04:00 Dubai,17.904035568237305°C,31.61%
2023-06-20T03:55:00+04:00 Dubai,17.904035568237305°C,31.61%
2023-06-20T04:00:00+04:00 Dubai,17.754179000854492°C,31.61%
2023-06-20T04:05:00+04:00 Dubai,17.754179000854492°C,31.61%
2023-06-20T04:10:00+04:00 Dubai,17.754179000854492°C,31.61%
2023-06-20T04:15:00+04:00 Dubai,17.754179000854492°C,31.61%
2023-06-20T04:20:00+04:00 Dubai,17.754179000854492°C,31.61%
2023-06-20T04:25:00+04:00 Dubai,17.754179000854492°C,31.61%
2023-06-20T04:30:00+04:00 Dubai,17.754179000854492°C,31.61%
2023-06-20T04:35:00+04:00 Dubai,17.754179000854492°C,31.61%
2023-06-20T04:40:00+04:00 Dubai,17.754179000854492°C,31.61%
2023-06-20T04:45:00+04:00 Dubai,17.754179000854492°C,31.61%
2023-06-20T04:50:00+04:00 Dubai,17.754179000854492°C,31.61%
2023-06-20T04:55:00+04:00 Dubai,17.754179000854492°C,31.61%
2023-06-20T05:00:00+04:00 Dubai,17.754179000854492°C,31.61%
2023-06-20T05:05:00+04:00 Dubai,17.754179000854492°C,31.61%
2023-06-20T05:10:00+04:00 Dubai,17.754179000854492°C,31.61%
2023-06-20T05:15:00+04:00 Dubai,17.754179000854492°C,31.61%
2023-06-20T05:20:00+04:00 Dubai,17.754179000854492°C,31.61%
2023-06-20T05:25:00+04:00 Dubai,17.754179000854492°C,31.61%
2023-06-20T05:30:00+04:00 Dubai,17.754179000854492°C,31.61%
2023-06-20T05:35:00+04:00 Dubai,17.754179000854492°C,31.61%
2023-06-20T05:40:00+04:00 Dubai,17.90270233154297°C,31.61%
2023-06-20T05:45:00+04:00 Dubai,17.90270233154297°C,31.61%
2023-06-20T05:50:00+04:00 Dubai,17.90270233154297°C,31.61%
2023-06-20T05:55:00+04:00 Dubai,17.90270233154297°C,31.61%
2023-06-20T06:00:00+04:00 Dubai,17.90270233154297°C,31.61%
2023-06-20T06:05:00+04:00 Dubai,16.010791778564453°C,43.54%
2023-06-20T06:10:00+04:00 Dubai,16.010791778564453°C,43.88%
2023-06-20T06:15:00+04:00 Dubai,15.861915588378906°C,43.88%
2023-06-20T06:20:00+04:00 Dubai,15.712384223937988°C,43.88%
2023-06-20T06:25:00+04:00 Dubai,15.562789916992188°C,43.88%
2023-06-20T06:30:00+04:00 Dubai,15.562789916992188°C,43.88%
2023-06-20T06:35:00+04:00 Dubai,15.412971496582031°C,43.88%
2023-06-20T06:40:00+04:00 Dubai,15.412971496582031°C,43.88%
2023-06-20T06:45:00+04:00 Dubai,15.412971496582031°C,43.88%
2023-06-20T06:50:00+04:00 Dubai,15.412971496582031°C,43.88%
2023-06-20T06:55:00+04:00 Dubai,15.263431549072266°C,43.88%
2023-06-20T07:00:00+04:00 Dubai,15.263431549072266°C,43.88%
2023-06-20T07:05:00+04:00 Dubai,16.052396774291992°C,48.31%
2023-06-20T07:10:00+04:00 Dubai,16.203327178955078°C,53.93%
2023-06-20T07:15:00+04:00 Dubai,16.203327178955078°C,58.04%
2023-06-20T07:20:00+04:00 Dubai,16.052152633666992°C,59.35%
2023-06-20T07:25:00+04:00 Dubai,16.052152633666992°C,61.89%
2023-06-20T07:30:00+04:00 Dubai,16.052152633666992°C,64.55%
2023-06-20T07:35:00+04:00 Dubai,16.052152633666992°C,66.98%
2023-06-20T07:40:00+04:00 Dubai,16.052152633666992°C,69.32%
2023-06-20T07:45:00+04:00 Dubai,16.052152633666992°C,70.33%
2023-06-20T07:50:00+04:00 Dubai,16.052152633666992°C,72.99%
2023-06-20T07:55:00+04:00 Dubai,16.052152633666992°C,75.53%
2023-06-20T08:00:00+04:00 Dubai,16.052152633666992°C,77.84%
2023-06-20T08:05:00+04:00 Dubai,16.052152633666992°C,79.06%
2023-06-20T08:10:00+04:00 Dubai,16.052152633666992°C,81.54%
2023-06-20T08:15:00+04:00 Dubai,15.901923179626465°C,82.80%
2023-06-20T08:20:00+04:00 Dubai,15.901923179626465°C,84.87%
2023-06-20T08:25:00+04:00 Dubai,15.901923179626465°C,86.96%
2023-06-20T08:30:00+04:00 Dubai,15.901923179626465°C,88.29%
2023-06-20T08:35:00+04:00 Dubai,15.901923179626465°C,89.44%
2023-06-20T08:40:00+04:00 Dubai,15.901923179626465°C,91.74%
2023-06-20T08:45:00+04:00 Dubai,15.901923179626465°C,93.98%
2023-06-20T08:50:00+04:00 Dubai,15.901923179626465°C,96.50%
2023-06-20T08:55:00+04:00 Dubai,15.11197280883789°C,93.59%
2023-06-20T09:00:00+04:00 Dubai,13.838457107543945°C,86.44%
2023-06-20T09:05:00+04:00 Dubai,13.68774700164795°C,79.83%
2023-06-20T09:10:00+04:00 Dubai,13.68774700164795°C,77.16%
2023-06-20T09:15:00+04:00 Dubai,13.68774700164795°C,74.68%
2023-06-20T09:20:00+04:00 Dubai,13.838912963867188°C,71.67%
2023-06-20T09:25:00+04:00 Dubai,13.838912963867188°C,70.26%
2023-06-20T09:30:00+04:00 Dubai,13.987829208374023°C,67.59%
2023-06-20T09:35:00+04:00 Dubai,14.138970375061035°C,66.43%
2023-06-20T09:40:00+04:00 Dubai,14.138970375061035°C,66.43%
2023-06-20T09:45:00+04:00 Dubai,14.287559509277344°C,65.42%
2023-06-20T09:50:00+04:00 Dubai,14.287559509277344°C,64.38%
2023-06-20T09:55:00+04:00 Dubai,14.287559509277344°C,63.37%
2023-06-20T10:00:00+04:00 Dubai,14.287559509277344°C,63.37%
2023-06-20T10:05:00+04:00 Dubai,14.43779182434082°C,63.37%
2023-06-20T10:10:00+04:00 Dubai,14.43779182434082°C,63.37%
2023-06-20T10:15:00+04:00 Dubai,14.43779182434082°C,63.37%
2023-06-20T10:20:00+04:00 Dubai,14.586872100830078°C,63.37%
2023-06-20T10:25:00+04:00 Dubai,14.586872100830078°C,63.37%
2023-06-20T10:30:00+04:00 Dubai,14.586872100830078°C,63.37%
2023-06-20T10:35:00+04:00 Dubai,14.586872100830078°C,63.37%
2023-06-20T10:40:00+04:00 Dubai,14.586872100830078°C,63.37%
2023-06-20T10:45:00+04:00 Dubai,14.586872100830078°C,63.37%
2023-06-20T10:50:00+04:00 Dubai,14.586872100830078°C,63.37%
2023-06-20T10:55:00+04:00 Dubai,14.586872100830078°C,63.37%
2023-06-20T11:00:00+04:00 Dubai,14.586872100830078°C,63.37%
2023-06-20T11:05:00+04:00 Dubai,14.586872100830078°C,63.37%
2023-06-20T11:10:00+04:00 Dubai,14.586872100830078°C,63.37%
2023-06-20T11:15:00+04:00 Dubai,14.586872100830078°C,63.37%
2023-06-20T11:20:00+04:00 Dubai,14.586872100830078°C,63.37%
2023-06-20T11:25:00+04:00 Dubai,14.437578201293945°C,62.07%
2023-06-20T11:30:00+04:00 Dubai,14.437578201293945°C,62.07%
2023-06-20T11:35:00+04:00 Dubai,14.437578201293945°C,62.07%
2023-06-20T11:40:00+04:00 Dubai,14.437578201293945°C,60.98%
2023-06-20T11:45:00+04:00 Dubai,14.437578201293945°C,60.98%
2023-06-20T11:50:00+04:00 Dubai,14.437578201293945°C,60.98%
2023-06-20T11:55:00+04:00 Dubai,14.437578201293945°C,60.98%
2023-06-20T12:00:00+04:00 Dubai,14.437578201293945°C,60.98%
2023-06-20T12:05:00+04:00 Dubai,14.437578201293945°C,60.98%
2023-06-20T12:10:00+04:00 Dubai,14.437578201293945°C,59.73%
2023-06-20T12:15:00+04:00 Dubai,14.437578201293945°C,59.73%
2023-06-20T12:20:00+04:00 Dubai,14.437578201293945°C,58.48%
2023-06-20T12:25:00+04:00 Dubai,14.437578201293945°C,57.47%
2023-06-20T12:30:00+04:00 Dubai,14.437578201293945°C,56.45%
2023-06-20T12:35:00+04:00 Dubai,14.437578201293945°C,56.45%
2023-06-20T12:40:00+04:00 Dubai,14.437578201293945°C,57.54%
2023-06-20T12:45:00+04:00 Dubai,14.437578201293945°C,57.54%
2023-06-20T12:50:00+04:00 Dubai,14.437578201293945°C,57.54%
2023-06-20T12:55:00+04:00 Dubai,14.437578201293945°C,57.54%
2023-06-20T13:00:00+04:00 Dubai,14.437578201293945°C,57.54%
2023-06-20T13:05:00+04:00 Dubai,14.437578201293945°C,57.54%
2023-06-20T13:10:00+04:00 Dubai,14.437578201293945°C,57.54%
2023-06-20T13:15:00+04:00 Dubai,14.437578201293945°C,57.54%
2023-06-20T13:20:00+04:00 Dubai,14.437578201293945°C,57.54%
2023-06-20T13:25:00+04:00 Dubai,14.437578201293945°C,57.54%
2023-06-20T13:30:00+04:00 Dubai,14.437578201293945°C,56.50%
2023-06-20T13:35:00+04:00 Dubai,14.437578201293945°C,56.50%
2023-06-20T13:40:00+04:00 Dubai,14.437578201293945°C,56.50%
2023-06-20T13:45:00+04:00 Dubai,14.589006423950195°C,56.50%
2023-06-20T13:50:00+04:00 Dubai,14.887475967407227°C,56.50%
2023-06-20T13:55:00+04:00 Dubai,14.887475967407227°C,56.50%
2023-06-20T14:00:00+04:00 Dubai,14.887475967407227°C,56.50%
2023-06-20T14:05:00+04:00 Dubai,14.887475967407227°C,56.50%
2023-06-20T14:10:00+04:00 Dubai,15.039301872253418°C,56.50%
2023-06-20T14:15:00+04:00 Dubai,15.039301872253418°C,56.50%
2023-06-20T14:20:00+04:00 Dubai,15.039301872253418°C,56.50%
2023-06-20T14:25:00+04:00 Dubai,15.039301872253418°C,56.50%
2023-06-20T14:30:00+04:00 Dubai,15.039301872253418°C,56.50%
2023-06-20T14:35:00+04:00 Dubai,15.039301872253418°C,56.50%
2023-06-20T14:40:00+04:00 Dubai,15.039301872253418°C,56.50%
2023-06-20T14:45:00+04:00 Dubai,15.039301872253418°C,56.50%
2023-06-20T14:50:00+04:00 Dubai,15.039301872253418°C,56.50%
2023-06-20T14:55:00+04:00 Dubai,15.039301872253418°C,56.50%
2023-06-20T15:00:00+04:00 Dubai,15.039301872253418°C,56.50%
2023-06-20T15:05:00+04:00 Dubai,15.039301872253418°C,56.50%
2023-06-20T15:10:00+04:00 Dubai,15.039301872253418°C,56.50%
2023-06-20T15:15:00+04:00 Dubai,15.039301872253418°C,56.50%
2023-06-20T15:20:00+04:00 Dubai,15.039301872253418°C,56.50%
2023-06-20T15:25:00+04:00 Dubai,15.039301872253418°C,56.50%
2023-06-20T15:30:00+04:00 Dubai,15.039301872253418°C,56.50%
2023-06-20T15:35:00+04:00 Dubai,15.039301872253418°C,56.50%
2023-06-20T15:40:00+04:00 Dubai,15.039301872253418°C,56.50%
2023-06-20T15:45:00+04:00 Dubai,15.039301872253418°C,56.50%
2023-06-20T15:50:00+04:00 Dubai,15.039301872253418°C,56.50%
2023-06-20T15:55:00+04:00 Dubai,15.039301872253418°C,56.50%
2023-06-20T16:00:00+04:00 Dubai,15.039301872253418°C,56.50%
2023-06-20T16:05:00+04:00 Dubai,15.039301872253418°C,56.50%
2023-06-20T16:10:00+04:00 Dubai,15.039301872253418°C,56.50%
2023-06-20T16:15:00+04:00 Dubai,14.890743255615234°C,56.50%
2023-06-20T16:20:00+04:00 Dubai,14.890743255615234°C,56.50%
2023-06-20T16:25:00+04:00 Dubai,14.890743255615234°C,56.50%
2023-06-20T16:30:00+04:00 Dubai,14.890743255615234°C,56.50%
2023-06-20T16:35:00+04:00 Dubai,14.890743255615234°C,56.50%
2023-06-20T16:40:00+04:00 Dubai,14.890743255615234°C,56.50%
2023-06-20T16:45:00+04:00 Dubai,14.741830825805664°C,56.50%
2023-06-20T16:50:00+04:00 Dubai,14.741830825805664°C,56.50%
2023-06-20T16:55:00+04:00 Dubai,14.741830825805664°C,56.50%
2023-06-20T17:00:00+04:00 Dubai,14.741830825805664°C,56.50%
2023-06-20T17:05:00+04:00 Dubai,14.741830825805664°C,56.50%
2023-06-20T17:10:00+04:00 Dubai,14.592835426330566°C,56.50%
2023-06-20T17:15:00+04:00 Dubai,14.592835426330566°C,56.50%
2023-06-20T17:20:00+04:00 Dubai,14.592835426330566°C,56.50%
2023-06-20T17:25:00+04:00 Dubai,14.592835426330566°C,56.50%
2023-06-20T17:30:00+04:00 Dubai,14.592835426330566°C,56.50%
2023-06-20T17:35:00+04:00 Dubai,14.592835426330566°C,56.50%
2023-06-20T17:40:00+04:00 Dubai,14.443343162536621°C,56.50%
2023-06-20T17:45:00+04:00 Dubai,14.443343162536621°C,55.47%
2023-06-20T17:50:00+04:00 Dubai,14.443343162536621°C,55.47%
2023-06-20T17:55:00+04:00 Dubai,14.443343162536621°C,54.48%
2023-06-20T18:00:00+04:00 Dubai,14.443343162536621°C,54.48%
2023-06-20T18:05:00+04:00 Dubai,14.443343162536621°C,53.37%
2023-06-20T18:10:00+04:00 Dubai,14.443343162536621°C,53.37%
2023-06-20T18:15:00+04:00 Dubai,14.443343162536621°C,53.37%
2023-06-20T18:20:00+04:00 Dubai,14.443343162536621°C,53.37%
2023-06-20T18:25:00+04:00 Dubai,14.443343162536621°C,53.37%
2023-06-20T18:30:00+04:00 Dubai,14.443343162536621°C,53.37%
2023-06-20T18:35:00+04:00 Dubai,14.443343162536621°C,53.37%
2023-06-20T18:40:00+04:00 Dubai,14.443343162536621°C,51.93%
2023-06-20T18:45:00+04:00 Dubai,14.443343162536621°C,50.79%
2023-06-20T18:50:00+04:00 Dubai,14.294151306152344°C,49.68%
2023-06-20T18:55:00+04:00 Dubai,14.444067001342773°C,49.68%
2023-06-20T19:00:00+04:00 Dubai,14.444067001342773°C,49.68%
2023-06-20T19:05:00+04:00 Dubai,14.292296409606934°C,46.62%
2023-06-20T19:10:00+04:00 Dubai,14.143741607666016°C,45.25%
2023-06-20T19:15:00+04:00 Dubai,14.296151161193848°C,45.25%
2023-06-20T19:20:00+04:00 Dubai,14.446447372436523°C,46.25%
2023-06-20T19:25:00+04:00 Dubai,14.446447372436523°C,46.25%
2023-06-20T19:30:00+04:00 Dubai,14.446447372436523°C,46.25%
2023-06-20T19:35:00+04:00 Dubai,14.446447372436523°C,46.25%
2023-06-20T19:40:00+04:00 Dubai,14.446447372436523°C,46.25%
2023-06-20T19:45:00+04:00 Dubai,14.446447372436523°C,46.25%
2023-06-20T19:50:00+04:00 Dubai,14.446447372436523°C,45.24%
2023-06-20T19:55:00+04:00 Dubai,14.446447372436523°C,44.20%
2023-06-20T20:00:00+04:00 Dubai,14.446447372436523°C,43.14%
2023-06-20T20:05:00+04:00 Dubai,14.446447372436523°C,43.14%
2023-06-20T20:10:00+04:00 Dubai,14.446447372436523°C,42.15%
2023-06-20T20:15:00+04:00 Dubai,14.446447372436523°C,41.09%
2023-06-20T20:20:00+04:00 Dubai,14.446447372436523°C,40.05%
2023-06-20T20:25:00+04:00 Dubai,14.596999168395996°C,41.22%
2023-06-20T20:30:00+04:00 Dubai,14.745556831359863°C,41.22%
2023-06-20T20:35:00+04:00 Dubai,14.745556831359863°C,41.22%
2023-06-20T20:40:00+04:00 Dubai,14.745556831359863°C,41.22%
2023-06-20T20:45:00+04:00 Dubai,14.745556831359863°C,41.22%
2023-06-20T20:50:00+04:00 Dubai,14.745556831359863°C,41.22%
2023-06-20T20:55:00+04:00 Dubai,14.745556831359863°C,41.22%
2023-06-20T21:00:00+04:00 Dubai,14.745556831359863°C,41.22%
2023-06-20T21:05:00+04:00 Dubai,14.745556831359863°C,41.22%
2023-06-20T21:10:00+04:00 Dubai,14.745556831359863°C,41.22%
2023-06-20T21:15:00+04:00 Dubai,14.745556831359863°C,41.22%
2023-06-20T21:20:00+04:00 Dubai,14.745556831359863°C,41.22%
2023-06-20T21:25:00+04:00 Dubai,14.745556831359863°C,41.22%
2023-06-20T21:30:00+04:00 Dubai,14.745556831359863°C,41.22%
2023-06-20T21:35:00+04:00 Dubai,14.745556831359863°C,41.22%
2023-06-20T21:40:00+04:00 Dubai,14.745556831359863°C,41.22%
2023-06-20T21:45:00+04:00 Dubai,14.745556831359863°C,41.22%
2023-06-20T21:50:00+04:00 Dubai,14.745556831359863°C,41.22%
2023-06-20T21:55:00+04:00 Dubai,14.745556831359863°C,41.22%
2023-06-20T22:00:00+04:00 Dubai,14.745556831359863°C,41.22%
2023-06-20T22:05:00+04:00 Dubai,14.745556831359863°C,41.22%
2023-06-20T22:10:00+04:00 Dubai,14.745556831359863°C,41.22%
2023-06-20T22:15:00+04:00 Dubai,14.745556831359863°C,41.22%
2023-06-20T22:20:00+04:00 Dubai,14.745556831359863°C,41.22%
2023-06-20T22:25:00+04:00 Dubai,14.745556831359863°C,41.22%
2023-06-20T22:30:00+04:00 Dubai,14.745556831359863°C,41.22%
2023-06-20T22:35:00+04:00 Dubai,14.745556831359863°C,41.22%
2023-06-20T22:40:00+04:00 Dubai,14.745556831359863°C,41.22%
2023-06-20T22:45:00+04:00 Dubai,14.745556831359863°C,41.22%
2023-06-20T22:50:00+04:00 Dubai,14.745556831359863°C,41.22%
2023-06-20T22:55:00+04:00 Dubai,14.745556831359863°C,41.22%
2023-06-20T23:00:00+04:00 Dubai,14.745556831359863°C,41.22%
2023-06-20T23:05:00+04:00 Dubai,14.745556831359863°C,41.22%
2023-06-20T23:10:00+04:00 Dubai,14.745556831359863°C,41.22%
2023-06-20T23:15:00+04:00 Dubai,14.745556831359863°C,41.22%
2023-06-20T23:20:00+04:00 Dubai,14.745556831359863°C,41.22%
2023-06-20T23:25:00+04:00 Dubai,14.745556831359863°C,41.22%
2023-06-20T23:30:00+04:00 Dubai,14.745556831359863°C,41.22%
2023-06-20T23:35:00+04:00 Dubai,14.745556831359863°C,41.22%
2023-06-20T23:40:00+04:00 Dubai,14.745556831359863°C,41.22%
2023-06-20T23:45:00+04:00 Dubai,14.745556831359863°C,41.22%
2023-06-20T23:50:00+04:00 Dubai,14.745556831359863°C,41.22%
2023-06-20T23:55:00+04:00 Dubai,14.745556831359863°C,41.22%
2023-06-21T00:00:00+04:00 Dubai,16.931396484375°C,27.06%
2023-06-21T00:05:00+04:00 Dubai,17.083518981933594°C,27.06%
2023-06-21T00:10:00+04:00 Dubai,16.730079650878906°C,20.35%
2023-06-21T00:15:00+04:00 Dubai,17.34194564819336°C,24.16%
2023-06-21T00:20:00+04:00 Dubai,17.49118423461914°C,25.27%
2023-06-21T00:25:00+04:00 Dubai,17.7894229888916°C,25.27%
2023-06-21T00:30:00+04:00 Dubai,17.7894229888916°C,25.27%
2023-06-21T00:35:00+04:00 Dubai,17.940540313720703°C,25.27%
2023-06-21T00:40:00+04:00 Dubai,17.940540313720703°C,25.27%
2023-06-21T00:45:00+04:00 Dubai,18.089717864990234°C,25.27%
2023-06-21T00:50:00+04:00 Dubai,18.089717864990234°C,25.27%
2023-06-21T00:55:00+04:00 Dubai,18.23933982849121°C,25.27%
2023-06-21T01:00:00+04:00 Dubai,18.389169692993164°C,25.27%
2023-06-21T01:05:00+04:00 Dubai,18.389169692993164°C,25.27%
2023-06-21T01:10:00+04:00 Dubai,18.389169692993164°C,26.41%
2023-06-21T01:15:00+04:00 Dubai,18.53924560546875°C,27.47%
2023-06-21T01:20:00+04:00 Dubai,18.53924560546875°C,28.60%
2023-06-21T01:25:00+04:00 Dubai,18.68807029724121°C,29.88%
2023-06-21T01:30:00+04:00 Dubai,18.68807029724121°C,30.99%
2023-06-21T01:35:00+04:00 Dubai,18.22490119934082°C,29.92%
2023-06-21T01:40:00+04:00 Dubai,18.071578979492188°C,29.92%
2023-06-21T01:45:00+04:00 Dubai,17.922264099121094°C,29.92%
2023-06-21T01:50:00+04:00 Dubai,17.922264099121094°C,29.92%
2023-06-21T01:55:00+04:00 Dubai,17.922264099121094°C,29.92%
2023-06-21T02:00:00+04:00 Dubai,17.922264099121094°C,29.92%
2023-06-21T02:05:00+04:00 Dubai,17.922264099121094°C,29.92%
2023-06-21T02:10:00+04:00 Dubai,17.773473739624023°C,29.92%
2023-06-21T02:15:00+04:00 Dubai,17.773473739624023°C,29.92%
2023-06-21T02:20:00+04:00 Dubai,17.773473739624023°C,29.92%
2023-06-21T02:25:00+04:00 Dubai,17.773473739624023°C,29.92%
2023-06-21T02:30:00+04:00 Dubai,17.773473739624023°C,29.92%
2023-06-21T02:35:00+04:00 Dubai,17.773473739624023°C,29.92%
2023-06-21T02:40:00+04:00 Dubai,17.773473739624023°C,29.92%
2023-06-21T02:45:00+04:00 Dubai,17.773473739624023°C,29.92%
2023-06-21T02:50:00+04:00 Dubai,17.773473739624023°C,29.92%
2023-06-21T02:55:00+04:00 Dubai,17.773473739624023°C,29.92%
2023-06-21T03:00:00+04:00 Dubai,17.773473739624023°C,29.92%
2023-06-21T03:05:00+04:00 Dubai,17.773473739624023°C,29.92%
2023-06-21T03:10:00+04:00 Dubai,17.773473739624023°C,29.92%
2023-06-21T03:15:00+04:00 Dubai,17.773473739624023°C,29.92%
2023-06-21T03:20:00+04:00 Dubai,17.773473739624023°C,29.92%
2023-06-21T03:25:00+04:00 Dubai,17.773473739624023°C,29.92%
2023-06-21T03:30:00+04:00 Dubai,17.773473739624023°C,29.92%
2023-06-21T03:35:00+04:00 Dubai,17.773473739624023°C,29.92%
2023-06-21T03:40:00+04:00 Dubai,17.773473739624023°C,29.92%
2023-06-21T03:45:00+04:00 Dubai,17.773473739624023°C,29.92%
2023-06-21T03:50:00+04:00 Dubai,17.773473739624023°C,29.92%
2023-06-21T03:55:00+04:00 Dubai,17.773473739624023°C,29.92%
2023-06-21T04:00:00+04:00 Dubai,17.773473739624023°C,29.92%
2023-06-21T04:05:00+04:00 Dubai,17.773473739624023°C,29.92%
2023-06-21T04:10:00+04:00 Dubai,17.773473739624023°C,29.92%
2023-06-21T04:15:00+04:00 Dubai,17.773473739624023°C,29.92%
2023-06-21T04:20:00+04:00 Dubai,17.773473739624023°C,29.92%
2023-06-21T04:25:00+04:00 Dubai,17.773473739624023°C,29.92%
2023-06-21T04:30:00+04:00 Dubai,17.773473739624023°C,29.92%
2023-06-21T04:35:00+04:00 Dubai,17.773473739624023°C,29.92%
2023-06-21T04:40:00+04:00 Dubai,17.773473739624023°C,29.92%
2023-06-21T04:45:00+04:00 Dubai,17.773473739624023°C,29.92%
2023-06-21T04:50:00+04:00 Dubai,17.773473739624023°C,29.92%
2023-06-21T04:55:00+04:00 Dubai,17.773473739624023°C,29.92%
2023-06-21T05:00:00+04:00 Dubai,17.773473739624023°C,29.92%
2023-06-21T05:05:00+04:00 Dubai,17.773473739624023°C,29.92%
2023-06-21T05:10:00+04:00 Dubai,17.773473739624023°C,29.92%
2023-06-21T05:15:00+04:00 Dubai,17.773473739624023°C,29.92%
2023-06-21T05:20:00+04:00 Dubai,17.773473739624023°C,29.92%
2023-06-21T05:25:00+04:00 Dubai,17.773473739624023°C,29.92%
2023-06-21T05:30:00+04:00 Dubai,17.773473739624023°C,29.92%
2023-06-21T05:35:00+04:00 Dubai,17.773473739624023°C,29.92%
2023-06-21T05:40:00+04:00 Dubai,17.773473739624023°C,29.92%
2023-06-21T05:45:00+04:00 Dubai,17.773473739624023°C,29.92%
2023-06-21T05:50:00+04:00 Dubai,17.773473739624023°C,29.92%
2023-06-21T05:55:00+04:00 Dubai,17.773473739624023°C,29.92%
2023-06-21T06:00:00+04:00 Dubai,17.773473739624023°C,29.92%
2023-06-21T06:05:00+04:00 Dubai,16.062267303466797°C,42.05%
2023-06-21T06:10:00+04:00 Dubai,16.062267303466797°C,43.12%
2023-06-21T06:15:00+04:00 Dubai,15.912629127502441°C,43.12%
2023-06-21T06:20:00+04:00 Dubai,15.762395858764648°C,43.12%
2023-06-21T06:25:00+04:00 Dubai,15.613531112670898°C,43.12%
2023-06-21T06:30:00+04:00 Dubai,15.613531112670898°C,43.12%
2023-06-21T06:35:00+04:00 Dubai,15.463454246520996°C,43.12%
2023-06-21T06:40:00+04:00 Dubai,15.463454246520996°C,43.12%
2023-06-21T06:45:00+04:00 Dubai,15.463454246520996°C,43.12%
2023-06-21T06:50:00+04:00 Dubai,15.314909934997559°C,43.12%
2023-06-21T06:55:00+04:00 Dubai,15.314909934997559°C,43.12%
2023-06-21T07:00:00+04:00 Dubai,15.314909934997559°C,43.12%
2023-06-21T07:05:00+04:00 Dubai,15.768671035766602°C,44.40%
2023-06-21T07:10:00+04:00 Dubai,16.073030471801758°C,49.76%
2023-06-21T07:15:00+04:00 Dubai,16.073030471801758°C,51.68%
2023-06-21T07:20:00+04:00 Dubai,16.073030471801758°C,54.18%
2023-06-21T07:25:00+04:00 Dubai,15.924399375915527°C,55.38%
2023-06-21T07:30:00+04:00 Dubai,15.924399375915527°C,58.18%
2023-06-21T07:35:00+04:00 Dubai,15.924399375915527°C,59.18%
2023-06-21T07:40:00+04:00 Dubai,15.924399375915527°C,60.66%
2023-06-21T07:45:00+04:00 Dubai,15.924399375915527°C,61.83%
2023-06-21T07:50:00+04:00 Dubai,15.924399375915527°C,64.15%
2023-06-21T07:55:00+04:00 Dubai,15.77584171295166°C,64.15%
2023-06-21T08:00:00+04:00 Dubai,15.77584171295166°C,66.18%
2023-06-21T08:05:00+04:00 Dubai,15.77584171295166°C,67.24%
2023-06-21T08:10:00+04:00 Dubai,15.77584171295166°C,69.46%
2023-06-21T08:15:00+04:00 Dubai,15.77584171295166°C,70.58%
2023-06-21T08:20:00+04:00 Dubai,15.77584171295166°C,71.77%
2023-06-21T08:25:00+04:00 Dubai,15.77584171295166°C,73.97%
2023-06-21T08:30:00+04:00 Dubai,15.77584171295166°C,76.15%
2023-06-21T08:35:00+04:00 Dubai,15.77584171295166°C,78.69%
2023-06-21T08:40:00+04:00 Dubai,15.77584171295166°C,81.16%
2023-06-21T08:45:00+04:00 Dubai,15.925883293151855°C,82.46%
2023-06-21T08:50:00+04:00 Dubai,15.925883293151855°C,85.14%
2023-06-21T08:55:00+04:00 Dubai,15.925883293151855°C,87.53%
2023-06-21T09:00:00+04:00 Dubai,15.925883293151855°C,90.07%
2023-06-21T09:05:00+04:00 Dubai,15.925883293151855°C,92.52%
2023-06-21T09:10:00+04:00 Dubai,15.925883293151855°C,96.15%
2023-06-21T09:15:00+04:00 Dubai,16.075157165527344°C,98.54%
2023-06-21T09:20:00+04:00 Dubai,16.075157165527344°C,99.89%
2023-06-21T09:25:00+04:00 Dubai,15.29726791381836°C,97.47%
2023-06-21T09:30:00+04:00 Dubai,14.045808792114258°C,93.65%
2023-06-21T09:35:00+04:00 Dubai,13.737126350402832°C,85.79%
2023-06-21T09:40:00+04:00 Dubai,13.737126350402832°C,83.05%
2023-06-21T09:45:00+04:00 Dubai,13.737126350402832°C,80.14%
2023-06-21T09:50:00+04:00 Dubai,13.737126350402832°C,77.41%
2023-06-21T09:55:00+04:00 Dubai,13.88758659362793°C,75.03%
2023-06-21T10:00:00+04:00 Dubai,13.88758659362793°C,72.50%
2023-06-21T10:05:00+04:00 Dubai,14.037993431091309°C,71.47%
2023-06-21T10:10:00+04:00 Dubai,14.037993431091309°C,68.69%
2023-06-21T10:15:00+04:00 Dubai,14.037993431091309°C,67.63%
2023-06-21T10:20:00+04:00 Dubai,14.188533782958984°C,66.33%
2023-06-21T10:25:00+04:00 Dubai,14.188533782958984°C,66.33%
2023-06-21T10:30:00+04:00 Dubai,14.188533782958984°C,65.20%
2023-06-21T10:35:00+04:00 Dubai,14.337788581848145°C,64.17%
2023-06-21T10:40:00+04:00 Dubai,14.337788581848145°C,64.17%
2023-06-21T10:45:00+04:00 Dubai,14.337788581848145°C,64.17%
2023-06-21T10:50:00+04:00 Dubai,14.337788581848145°C,64.17%
2023-06-21T10:55:00+04:00 Dubai,14.337788581848145°C,64.17%
2023-06-21T11:00:00+04:00 Dubai,14.337788581848145°C,64.17%
2023-06-21T11:05:00+04:00 Dubai,14.487184524536133°C,64.17%
2023-06-21T11:10:00+04:00 Dubai,14.487184524536133°C,64.17%
2023-06-21T11:15:00+04:00 Dubai,14.487184524536133°C,64.17%
2023-06-21T11:20:00+04:00 Dubai,14.487184524536133°C,64.17%
2023-06-21T11:25:00+04:00 Dubai,14.487184524536133°C,64.17%
2023-06-21T11:30:00+04:00 Dubai,14.487184524536133°C,64.17%
2023-06-21T11:35:00+04:00 Dubai,14.487184524536133°C,64.17%
2023-06-21T11:40:00+04:00 Dubai,14.487184524536133°C,64.17%
2023-06-21T11:45:00+04:00 Dubai,14.487184524536133°C,64.17%
2023-06-21T11:50:00+04:00 Dubai,14.487184524536133°C,64.17%
2023-06-21T11:55:00+04:00 Dubai,14.487184524536133°C,64.17%
2023-06-21T12:00:00+04:00 Dubai,14.487184524536133°C,64.17%
2023-06-21T12:05:00+04:00 Dubai,14.487184524536133°C,64.17%
2023-06-21T12:10:00+04:00 Dubai,14.487184524536133°C,64.17%
2023-06-21T12:15:00+04:00 Dubai,14.487184524536133°C,64.17%
2023-06-21T12:20:00+04:00 Dubai,14.487184524536133°C,64.17%
2023-06-21T12:25:00+04:00 Dubai,14.487184524536133°C,64.17%
2023-06-21T12:30:00+04:00 Dubai,14.487184524536133°C,64.17%
2023-06-21T12:35:00+04:00 Dubai,14.487184524536133°C,63.13%
2023-06-21T12:40:00+04:00 Dubai,14.487184524536133°C,63.13%
2023-06-21T12:45:00+04:00 Dubai,14.487184524536133°C,63.13%
2023-06-21T12:50:00+04:00 Dubai,14.487184524536133°C,61.97%
2023-06-21T12:55:00+04:00 Dubai,14.487184524536133°C,60.92%
2023-06-21T13:00:00+04:00 Dubai,14.487184524536133°C,60.92%
2023-06-21T13:05:00+04:00 Dubai,14.487184524536133°C,60.92%
2023-06-21T13:10:00+04:00 Dubai,14.335206031799316°C,58.05%
2023-06-21T13:15:00+04:00 Dubai,14.335206031799316°C,56.76%
2023-06-21T13:20:00+04:00 Dubai,14.335206031799316°C,56.76%
2023-06-21T13:25:00+04:00 Dubai,14.335206031799316°C,56.76%
2023-06-21T13:30:00+04:00 Dubai,14.335206031799316°C,56.76%
2023-06-21T13:35:00+04:00 Dubai,14.488224983215332°C,56.76%
2023-06-21T13:40:00+04:00 Dubai,14.637343406677246°C,56.76%
2023-06-21T13:45:00+04:00 Dubai,14.637343406677246°C,56.76%
2023-06-21T13:50:00+04:00 Dubai,14.637343406677246°C,56.76%
2023-06-21T13:55:00+04:00 Dubai,14.637343406677246°C,56.76%
2023-06-21T14:00:00+04:00 Dubai,14.637343406677246°C,56.76%
2023-06-21T14:05:00+04:00 Dubai,14.637343406677246°C,56.76%
2023-06-21T14:10:00+04:00 Dubai,14.637343406677246°C,56.76%
2023-06-21T14:15:00+04:00 Dubai,14.637343406677246°C,56.76%
2023-06-21T14:20:00+04:00 Dubai,14.637343406677246°C,56.76%
2023-06-21T14:25:00+04:00 Dubai,14.637343406677246°C,56.76%
2023-06-21T14:30:00+04:00 Dubai,14.637343406677246°C,56.76%
2023-06-21T14:35:00+04:00 Dubai,14.637343406677246°C,56.76%
2023-06-21T14:40:00+04:00 Dubai,14.637343406677246°C,56.76%
2023-06-21T14:45:00+04:00 Dubai,14.637343406677246°C,56.76%
2023-06-21T14:50:00+04:00 Dubai,14.637343406677246°C,56.76%
2023-06-21T14:55:00+04:00 Dubai,14.488712310791016°C,56.76%
2023-06-21T15:00:00+04:00 Dubai,14.488712310791016°C,56.76%
2023-06-21T15:05:00+04:00 Dubai,14.488712310791016°C,56.76%
2023-06-21T15:10:00+04:00 Dubai,14.488712310791016°C,56.76%
2023-06-21T15:15:00+04:00 Dubai,14.488712310791016°C,56.76%
2023-06-21T15:20:00+04:00 Dubai,14.488712310791016°C,56.76%
2023-06-21T15:25:00+04:00 Dubai,14.488712310791016°C,56.76%
2023-06-21T15:30:00+04:00 Dubai,14.488712310791016°C,56.76%
2023-06-21T15:35:00+04:00 Dubai,14.488712310791016°C,56.76%
2023-06-21T15:40:00+04:00 Dubai,14.488712310791016°C,56.76%
2023-06-21T15:45:00+04:00 Dubai,14.488712310791016°C,56.76%
2023-06-21T15:50:00+04:00 Dubai,14.488712310791016°C,56.76%
2023-06-21T15:55:00+04:00 Dubai,14.488712310791016°C,56.76%
2023-06-21T16:00:00+04:00 Dubai,14.488712310791016°C,56.76%
2023-06-21T16:05:00+04:00 Dubai,14.488712310791016°C,55.70%
2023-06-21T16:10:00+04:00 Dubai,14.488712310791016°C,55.70%
2023-06-21T16:15:00+04:00 Dubai,14.488712310791016°C,54.62%
2023-06-21T16:20:00+04:00 Dubai,14.488712310791016°C,54.62%
2023-06-21T16:25:00+04:00 Dubai,14.488712310791016°C,54.62%
2023-06-21T16:30:00+04:00 Dubai,14.488712310791016°C,54.62%
2023-06-21T16:35:00+04:00 Dubai,14.488712310791016°C,54.62%
2023-06-21T16:40:00+04:00 Dubai,14.638890266418457°C,54.62%
2023-06-21T16:45:00+04:00 Dubai,14.638890266418457°C,54.62%
2023-06-21T16:50:00+04:00 Dubai,14.638890266418457°C,54.62%
2023-06-21T16:55:00+04:00 Dubai,14.638890266418457°C,54.62%
2023-06-21T17:00:00+04:00 Dubai,14.638890266418457°C,54.62%
2023-06-21T17:05:00+04:00 Dubai,14.638890266418457°C,54.62%
2023-06-21T17:10:00+04:00 Dubai,14.638890266418457°C,54.62%
2023-06-21T17:15:00+04:00 Dubai,14.638890266418457°C,54.62%
2023-06-21T17:20:00+04:00 Dubai,14.490180015563965°C,54.62%
2023-06-21T17:25:00+04:00 Dubai,14.490180015563965°C,54.62%
2023-06-21T17:30:00+04:00 Dubai,14.490180015563965°C,54.62%
2023-06-21T17:35:00+04:00 Dubai,14.490180015563965°C,53.45%
2023-06-21T17:40:00+04:00 Dubai,14.490180015563965°C,53.45%
2023-06-21T17:45:00+04:00 Dubai,14.490180015563965°C,52.39%
2023-06-21T17:50:00+04:00 Dubai,14.490180015563965°C,52.39%
2023-06-21T17:55:00+04:00 Dubai,14.490180015563965°C,51.04%
2023-06-21T18:00:00+04:00 Dubai,14.34146499633789°C,49.61%
2023-06-21T18:05:00+04:00 Dubai,14.34146499633789°C,50.69%
2023-06-21T18:10:00+04:00 Dubai,14.34146499633789°C,50.69%
2023-06-21T18:15:00+04:00 Dubai,14.34146499633789°C,50.69%
2023-06-21T18:20:00+04:00 Dubai,14.34146499633789°C,49.62%
2023-06-21T18:25:00+04:00 Dubai,14.34146499633789°C,48.48%
2023-06-21T18:30:00+04:00 Dubai,14.34146499633789°C,47.36%
2023-06-21T18:35:00+04:00 Dubai,14.34146499633789°C,46.28%
2023-06-21T18:40:00+04:00 Dubai,14.490133285522461°C,47.43%
2023-06-21T18:45:00+04:00 Dubai,14.490133285522461°C,47.43%
2023-06-21T18:50:00+04:00 Dubai,14.490133285522461°C,47.43%
2023-06-21T18:55:00+04:00 Dubai,14.490133285522461°C,46.33%
2023-06-21T19:00:00+04:00 Dubai,14.490133285522461°C,46.33%
2023-06-21T19:05:00+04:00 Dubai,14.18841552734375°C,42.28%
2023-06-21T19:10:00+04:00 Dubai,14.337186813354492°C,43.44%
2023-06-21T19:15:00+04:00 Dubai,14.488323211669922°C,43.44%
2023-06-21T19:20:00+04:00 Dubai,14.488323211669922°C,43.44%
2023-06-21T19:25:00+04:00 Dubai,14.63879680633545°C,43.44%
2023-06-21T19:30:00+04:00 Dubai,14.63879680633545°C,43.44%
2023-06-21T19:35:00+04:00 Dubai,14.63879680633545°C,43.44%
2023-06-21T19:40:00+04:00 Dubai,14.63879680633545°C,43.44%
2023-06-21T19:45:00+04:00 Dubai,14.63879680633545°C,43.44%
2023-06-21T19:50:00+04:00 Dubai,14.489051818847656°C,43.44%
2023-06-21T19:55:00+04:00 Dubai,14.489051818847656°C,43.44%
2023-06-21T20:00:00+04:00 Dubai,14.489051818847656°C,43.44%
2023-06-21T20:05:00+04:00 Dubai,14.489051818847656°C,43.44%
2023-06-21T20:10:00+04:00 Dubai,14.489051818847656°C,43.44%
2023-06-21T20:15:00+04:00 Dubai,14.489051818847656°C,42.42%
2023-06-21T20:20:00+04:00 Dubai,14.489051818847656°C,42.42%
2023-06-21T20:25:00+04:00 Dubai,14.489051818847656°C,41.20%
2023-06-21T20:30:00+04:00 Dubai,14.338597297668457°C,40.21%
2023-06-21T20:35:00+04:00 Dubai,14.338597297668457°C,39.09%
2023-06-21T20:40:00+04:00 Dubai,14.338597297668457°C,37.94%
2023-06-21T20:45:00+04:00 Dubai,14.338597297668457°C,37.94%
2023-06-21T20:50:00+04:00 Dubai,14.338597297668457°C,37.94%
2023-06-21T20:55:00+04:00 Dubai,14.643721580505371°C,37.94%
2023-06-21T21:00:00+04:00 Dubai,14.945496559143066°C,37.94%
2023-06-21T21:05:00+04:00 Dubai,14.945496559143066°C,37.94%
2023-06-21T21:10:00+04:00 Dubai,14.945496559143066°C,37.94%
2023-06-21T21:15:00+04:00 Dubai,14.945496559143066°C,37.94%
2023-06-21T21:20:00+04:00 Dubai,15.094432830810547°C,37.94%
2023-06-21T21:25:00+04:00 Dubai,15.2429838180542°C,37.94%
2023-06-21T21:30:00+04:00 Dubai,15.2429838180542°C,37.94%
2023-06-21T21:35:00+04:00 Dubai,15.2429838180542°C,37.94%
2023-06-21T21:40:00+04:00 Dubai,15.2429838180542°C,37.94%
2023-06-21T21:45:00+04:00 Dubai,15.2429838180542°C,37.94%
2023-06-21T21:50:00+04:00 Dubai,15.2429838180542°C,37.94%
2023-06-21T21:55:00+04:00 Dubai,15.391707420349121°C,37.94%
2023-06-21T22:00:00+04:00 Dubai,15.391707420349121°C,37.94%
2023-06-21T22:05:00+04:00 Dubai,15.391707420349121°C,37.94%
2023-06-21T22:10:00+04:00 Dubai,15.391707420349121°C,37.94%
2023-06-21T22:15:00+04:00 Dubai,15.391707420349121°C,37.94%
2023-06-21T22:20:00+04:00 Dubai,15.391707420349121°C,37.94%
2023-06-21T22:25:00+04:00 Dubai,15.391707420349121°C,37.94%
2023-06-21T22:30:00+04:00 Dubai,15.391707420349121°C,37.94%
2023-06-21T22:35:00+04:00 Dubai,15.391707420349121°C,37.94%
2023-06-21T22:40:00+04:00 Dubai,15.391707420349121°C,37.94%
2023-06-21T22:45:00+04:00 Dubai,15.391707420349121°C,37.94%
2023-06-21T22:50:00+04:00 Dubai,15.391707420349121°C,37.94%
2023-06-21T22:55:00+04:00 Dubai,15.391707420349121°C,37.94%
2023-06-21T23:00:00+04:00 Dubai,15.391707420349121°C,37.94%
2023-06-21T23:05:00+04:00 Dubai,15.391707420349121°C,37.94%
2023-06-21T23:10:00+04:00 Dubai,15.391707420349121°C,37.94%
2023-06-21T23:15:00+04:00 Dubai,15.391707420349121°C,37.94%
2023-06-21T23:20:00+04:00 Dubai,15.391707420349121°C,37.94%
2023-06-21T23:25:00+04:00 Dubai,15.391707420349121°C,37.94%
2023-06-21T23:30:00+04:00 Dubai,15.391707420349121°C,37.94%
2023-06-21T23:35:00+04:00 Dubai,15.391707420349121°C,37.94%
2023-06-21T23:40:00+04:00 Dubai,15.391707420349121°C,37.94%
2023-06-21T23:45:00+04:00 Dubai,15.391707420349121°C,37.94%
2023-06-21T23:50:00+04:00 Dubai,15.391707420349121°C,37.94%
2023-06-21T23:55:00+04:00 Dubai,15.391707420349121°C,37.94%
2023-06-22T00:00:00+04:00 Dubai,17.018516540527344°C,25.36%
2023-06-22T00:05:00+04:00 Dubai,17.168174743652344°C,26.23%
2023-06-22T00:10:00+04:00 Dubai,16.919462203979492°C,21.76%
2023-06-22T00:15:00+04:00 Dubai,17.381961822509766°C,26.36%
2023-06-22T00:20:00+04:00 Dubai,17.68115234375°C,26.36%
2023-06-22T00:25:00+04:00 Dubai,17.832561492919922°C,26.36%
2023-06-22T00:30:00+04:00 Dubai,17.832561492919922°C,26.36%
2023-06-22T00:35:00+04:00 Dubai,17.98185920715332°C,26.36%
2023-06-22T00:40:00+04:00 Dubai,17.98185920715332°C,26.36%
2023-06-22T00:45:00+04:00 Dubai,18.130434036254883°C,26.36%
2023-06-22T00:50:00+04:00 Dubai,18.130434036254883°C,26.36%
2023-06-22T00:55:00+04:00 Dubai,18.280256271362305°C,26.36%
2023-06-22T01:00:00+04:00 Dubai,18.42995262145996°C,26.36%
2023-06-22T01:05:00+04:00 Dubai,18.42995262145996°C,26.36%
2023-06-22T01:10:00+04:00 Dubai,18.42995262145996°C,26.36%
2023-06-22T01:15:00+04:00 Dubai,18.57874298095703°C,27.85%
2023-06-22T01:20:00+04:00 Dubai,18.57874298095703°C,29.09%
2023-06-22T01:25:00+04:00 Dubai,18.57874298095703°C,30.42%
2023-06-22T01:30:00+04:00 Dubai,18.27895164489746°C,30.42%
2023-06-22T01:35:00+04:00 Dubai,18.126293182373047°C,30.42%
2023-06-22T01:40:00+04:00 Dubai,17.977062225341797°C,30.42%
2023-06-22T01:45:00+04:00 Dubai,17.977062225341797°C,30.42%
2023-06-22T01:50:00+04:00 Dubai,17.977062225341797°C,30.42%
2023-06-22T01:55:00+04:00 Dubai,17.977062225341797°C,30.42%
2023-06-22T02:00:00+04:00 Dubai,17.977062225341797°C,30.42%
2023-06-22T02:05:00+04:00 Dubai,17.977062225341797°C,30.42%
2023-06-22T02:10:00+04:00 Dubai,17.977062225341797°C,30.42%
2023-06-22T02:15:00+04:00 Dubai,17.977062225341797°C,30.42%
2023-06-22T02:20:00+04:00 Dubai,17.977062225341797°C,30.42%
2023-06-22T02:25:00+04:00 Dubai,17.977062225341797°C,30.42%
2023-06-22T02:30:00+04:00 Dubai,17.977062225341797°C,30.42%
2023-06-22T02:35:00+04:00 Dubai,17.977062225341797°C,30.42%
2023-06-22T02:40:00+04:00 Dubai,17.977062225341797°C,30.42%
2023-06-22T02:45:00+04:00 Dubai,17.977062225341797°C,30.42%
2023-06-22T02:50:00+04:00 Dubai,17.977062225341797°C,30.42%
2023-06-22T02:55:00+04:00 Dubai,17.82801055908203°C,30.42%
2023-06-22T03:00:00+04:00 Dubai,17.82801055908203°C,30.42%
2023-06-22T03:05:00+04:00 Dubai,17.82801055908203°C,30.42%
2023-06-22T03:10:00+04:00 Dubai,17.82801055908203°C,30.42%
2023-06-22T03:15:00+04:00 Dubai,17.82801055908203°C,30.42%
2023-06-22T03:20:00+04:00 Dubai,17.82801055908203°C,30.42%
2023-06-22T03:25:00+04:00 Dubai,17.82801055908203°C,30.42%
2023-06-22T03:30:00+04:00 Dubai,17.82801055908203°C,30.42%
2023-06-22T03:35:00+04:00 Dubai,17.82801055908203°C,30.42%
2023-06-22T03:40:00+04:00 Dubai,17.82801055908203°C,30.42%
2023-06-22T03:45:00+04:00 Dubai,17.82801055908203°C,30.42%
2023-06-22T03:50:00+04:00 Dubai,17.82801055908203°C,30.42%
2023-06-22T03:55:00+04:00 Dubai,17.82801055908203°C,30.42%
2023-06-22T04:00:00+04:00 Dubai,17.82801055908203°C,30.42%
2023-06-22T04:05:00+04:00 Dubai,17.82801055908203°C,30.42%
2023-06-22T04:10:00+04:00 Dubai,17.82801055908203°C,30.42%
2023-06-22T04:15:00+04:00 Dubai,17.82801055908203°C,30.42%
2023-06-22T04:20:00+04:00 Dubai,17.82801055908203°C,30.42%
2023-06-22T04:25:00+04:00 Dubai,17.82801055908203°C,30.42%
2023-06-22T04:30:00+04:00 Dubai,17.82801055908203°C,30.42%
2023-06-22T04:35:00+04:00 Dubai,17.82801055908203°C,30.42%
2023-06-22T04:40:00+04:00 Dubai,17.82801055908203°C,30.42%
2023-06-22T04:45:00+04:00 Dubai,17.82801055908203°C,30.42%
2023-06-22T04:50:00+04:00 Dubai,17.82801055908203°C,30.42%
2023-06-22T04:55:00+04:00 Dubai,17.82801055908203°C,30.42%
2023-06-22T05:00:00+04:00 Dubai,17.82801055908203°C,30.42%
2023-06-22T05:05:00+04:00 Dubai,17.82801055908203°C,30.42%
2023-06-22T05:10:00+04:00 Dubai,17.97703742980957°C,30.42%
2023-06-22T05:15:00+04:00 Dubai,17.97703742980957°C,30.42%
2023-06-22T05:20:00+04:00 Dubai,17.97703742980957°C,30.42%
2023-06-22T05:25:00+04:00 Dubai,17.97703742980957°C,30.42%
2023-06-22T05:30:00+04:00 Dubai,17.97703742980957°C,30.42%
2023-06-22T05:35:00+04:00 Dubai,17.97703742980957°C,30.42%
2023-06-22T05:40:00+04:00 Dubai,17.97703742980957°C,30.42%
2023-06-22T05:45:00+04:00 Dubai,17.97703742980957°C,30.42%
2023-06-22T05:50:00+04:00 Dubai,17.97703742980957°C,30.42%
2023-06-22T05:55:00+04:00 Dubai,17.97703742980957°C,30.42%
2023-06-22T06:00:00+04:00 Dubai,17.97703742980957°C,30.42%
2023-06-22T06:05:00+04:00 Dubai,16.183338165283203°C,42.08%
2023-06-22T06:10:00+04:00 Dubai,16.183338165283203°C,43.15%
2023-06-22T06:15:00+04:00 Dubai,15.883049011230469°C,44.31%
2023-06-22T06:20:00+04:00 Dubai,15.732719421386719°C,44.31%
2023-06-22T06:25:00+04:00 Dubai,15.732719421386719°C,44.31%
2023-06-22T06:30:00+04:00 Dubai,15.58377742767334°C,44.31%
2023-06-22T06:35:00+04:00 Dubai,15.58377742767334°C,44.31%
2023-06-22T06:40:00+04:00 Dubai,15.434611320495605°C,44.31%
2023-06-22T06:45:00+04:00 Dubai,15.434611320495605°C,44.31%
2023-06-22T06:50:00+04:00 Dubai,15.28531551361084°C,44.31%
2023-06-22T06:55:00+04:00 Dubai,15.28531551361084°C,44.31%
2023-06-22T07:00:00+04:00 Dubai,15.28531551361084°C,44.31%
2023-06-22T07:05:00+04:00 Dubai,16.065271377563477°C,48.62%
2023-06-22T07:10:00+04:00 Dubai,16.214401245117188°C,54.18%
2023-06-22T07:15:00+04:00 Dubai,16.214401245117188°C,56.82%
2023-06-22T07:20:00+04:00 Dubai,16.062528610229492°C,59.19%
2023-06-22T07:25:00+04:00 Dubai,16.062528610229492°C,61.94%
2023-06-22T07:30:00+04:00 Dubai,16.062528610229492°C,63.11%
2023-06-22T07:35:00+04:00 Dubai,16.062528610229492°C,65.95%
2023-06-22T07:40:00+04:00 Dubai,16.062528610229492°C,68.01%
2023-06-22T07:45:00+04:00 Dubai,16.062528610229492°C,70.69%
2023-06-22T07:50:00+04:00 Dubai,16.062528610229492°C,71.91%
2023-06-22T07:55:00+04:00 Dubai,16.062528610229492°C,74.39%
2023-06-22T08:00:00+04:00 Dubai,15.913496017456055°C,76.72%
2023-06-22T08:05:00+04:00 Dubai,15.913496017456055°C,77.84%
2023-06-22T08:10:00+04:00 Dubai,15.913496017456055°C,80.56%
2023-06-22T08:15:00+04:00 Dubai,15.913496017456055°C,81.68%
2023-06-22T08:20:00+04:00 Dubai,15.913496017456055°C,84.49%
2023-06-22T08:25:00+04:00 Dubai,15.913496017456055°C,85.84%
2023-06-22T08:30:00+04:00 Dubai,15.913496017456055°C,88.36%
2023-06-22T08:35:00+04:00 Dubai,15.913496017456055°C,91.09%
2023-06-22T08:40:00+04:00 Dubai,15.913496017456055°C,92.49%
2023-06-22T08:45:00+04:00 Dubai,14.458416938781738°C,89.31%
2023-06-22T08:50:00+04:00 Dubai,13.679315567016602°C,78.77%
2023-06-22T08:55:00+04:00 Dubai,13.679315567016602°C,74.75%
2023-06-22T09:00:00+04:00 Dubai,13.679315567016602°C,71.04%
2023-06-22T09:05:00+04:00 Dubai,13.679315567016602°C,68.14%
2023-06-22T09:10:00+04:00 Dubai,13.829902648925781°C,65.18%
2023-06-22T09:15:00+04:00 Dubai,13.829902648925781°C,62.75%
2023-06-22T09:20:00+04:00 Dubai,13.9790678024292°C,61.52%
2023-06-22T09:25:00+04:00 Dubai,13.9790678024292°C,60.06%
2023-06-22T09:30:00+04:00 Dubai,14.128829002380371°C,58.96%
2023-06-22T09:35:00+04:00 Dubai,14.128829002380371°C,57.72%
2023-06-22T09:40:00+04:00 Dubai,14.279483795166016°C,57.72%
2023-06-22T09:45:00+04:00 Dubai,14.279483795166016°C,57.72%
2023-06-22T09:50:00+04:00 Dubai,14.429841995239258°C,57.72%
2023-06-22T09:55:00+04:00 Dubai,14.429841995239258°C,57.72%
2023-06-22T10:00:00+04:00 Dubai,14.429841995239258°C,57.72%
2023-06-22T10:05:00+04:00 Dubai,14.429841995239258°C,57.72%
2023-06-22T10:10:00+04:00 Dubai,14.429841995239258°C,57.72%
2023-06-22T10:15:00+04:00 Dubai,14.429841995239258°C,57.72%
2023-06-22T10:20:00+04:00 Dubai,14.579668045043945°C,57.72%
2023-06-22T10:25:00+04:00 Dubai,14.579668045043945°C,57.72%
2023-06-22T10:30:00+04:00 Dubai,14.579668045043945°C,57.72%
2023-06-22T10:35:00+04:00 Dubai,14.579668045043945°C,57.72%
2023-06-22T10:40:00+04:00 Dubai,14.579668045043945°C,57.72%
2023-06-22T10:45:00+04:00 Dubai,14.579668045043945°C,57.72%
2023-06-22T10:50:00+04:00 Dubai,14.579668045043945°C,57.72%
2023-06-22T10:55:00+04:00 Dubai,14.579668045043945°C,57.72%
2023-06-22T11:00:00+04:00 Dubai,14.728285789489746°C,57.72%
2023-06-22T11:05:00+04:00 Dubai,14.728285789489746°C,57.72%
2023-06-22T11:10:00+04:00 Dubai,14.728285789489746°C,57.72%
2023-06-22T11:15:00+04:00 Dubai,14.728285789489746°C,57.72%
2023-06-22T11:20:00+04:00 Dubai,14.728285789489746°C,57.72%
2023-06-22T11:25:00+04:00 Dubai,14.728285789489746°C,57.72%
2023-06-22T11:30:00+04:00 Dubai,14.728285789489746°C,57.72%
2023-06-22T11:35:00+04:00 Dubai,14.728285789489746°C,57.72%
2023-06-22T11:40:00+04:00 Dubai,14.728285789489746°C,57.72%
2023-06-22T11:45:00+04:00 Dubai,14.728285789489746°C,57.72%
2023-06-22T11:50:00+04:00 Dubai,14.728285789489746°C,57.72%
2023-06-22T11:55:00+04:00 Dubai,14.728285789489746°C,57.72%
2023-06-22T12:00:00+04:00 Dubai,14.728285789489746°C,57.72%
2023-06-22T12:05:00+04:00 Dubai,14.728285789489746°C,57.72%
2023-06-22T12:10:00+04:00 Dubai,14.728285789489746°C,57.72%
2023-06-22T12:15:00+04:00 Dubai,14.728285789489746°C,57.72%
2023-06-22T12:20:00+04:00 Dubai,14.728285789489746°C,57.72%
2023-06-22T12:25:00+04:00 Dubai,14.728285789489746°C,57.72%
2023-06-22T12:30:00+04:00 Dubai,14.728285789489746°C,57.72%
2023-06-22T12:35:00+04:00 Dubai,14.728285789489746°C,57.72%
2023-06-22T12:40:00+04:00 Dubai,14.728285789489746°C,57.72%
2023-06-22T12:45:00+04:00 Dubai,14.728285789489746°C,57.72%
2023-06-22T12:50:00+04:00 Dubai,14.728285789489746°C,57.72%
2023-06-22T12:55:00+04:00 Dubai,14.728285789489746°C,57.72%
2023-06-22T13:00:00+04:00 Dubai,14.728285789489746°C,57.72%
2023-06-22T13:05:00+04:00 Dubai,14.728285789489746°C,57.72%
2023-06-22T13:10:00+04:00 Dubai,14.728285789489746°C,57.72%
2023-06-22T13:15:00+04:00 Dubai,14.728285789489746°C,57.72%
2023-06-22T13:20:00+04:00 Dubai,14.728285789489746°C,57.72%
2023-06-22T13:25:00+04:00 Dubai,14.728285789489746°C,57.72%
2023-06-22T13:30:00+04:00 Dubai,14.728285789489746°C,57.72%
2023-06-22T13:35:00+04:00 Dubai,14.728285789489746°C,57.72%
2023-06-22T13:40:00+04:00 Dubai,14.728285789489746°C,57.72%
2023-06-22T13:45:00+04:00 Dubai,14.728285789489746°C,57.72%
2023-06-22T13:50:00+04:00 Dubai,14.728285789489746°C,57.72%
2023-06-22T13:55:00+04:00 Dubai,14.728285789489746°C,57.72%
2023-06-22T14:00:00+04:00 Dubai,14.728285789489746°C,57.72%
2023-06-22T14:05:00+04:00 Dubai,14.728285789489746°C,57.72%
2023-06-22T14:10:00+04:00 Dubai,14.728285789489746°C,57.72%
2023-06-22T14:15:00+04:00 Dubai,14.728285789489746°C,57.72%
2023-06-22T14:20:00+04:00 Dubai,14.728285789489746°C,57.72%
2023-06-22T14:25:00+04:00 Dubai,14.728285789489746°C,57.72%
2023-06-22T14:30:00+04:00 Dubai,14.579315185546875°C,57.72%
2023-06-22T14:35:00+04:00 Dubai,14.579315185546875°C,57.72%
2023-06-22T14:40:00+04:00 Dubai,14.579315185546875°C,57.72%
2023-06-22T14:45:00+04:00 Dubai,14.430407524108887°C,56.48%
2023-06-22T14:50:00+04:00 Dubai,14.430407524108887°C,56.48%
2023-06-22T14:55:00+04:00 Dubai,14.430407524108887°C,55.44%
2023-06-22T15:00:00+04:00 Dubai,14.430407524108887°C,55.44%
2023-06-22T15:05:00+04:00 Dubai,14.430407524108887°C,55.44%
2023-06-22T15:10:00+04:00 Dubai,14.430407524108887°C,54.42%
2023-06-22T15:15:00+04:00 Dubai,14.430407524108887°C,54.42%
2023-06-22T15:20:00+04:00 Dubai,14.430407524108887°C,54.42%
2023-06-22T15:25:00+04:00 Dubai,14.430407524108887°C,54.42%
2023-06-22T15:30:00+04:00 Dubai,14.430407524108887°C,54.42%
2023-06-22T15:35:00+04:00 Dubai,14.430407524108887°C,54.42%
2023-06-22T15:40:00+04:00 Dubai,14.430407524108887°C,54.42%
2023-06-22T15:45:00+04:00 Dubai,14.430407524108887°C,54.42%
2023-06-22T15:50:00+04:00 Dubai,14.430407524108887°C,54.42%
2023-06-22T15:55:00+04:00 Dubai,14.430407524108887°C,54.42%
2023-06-22T16:00:00+04:00 Dubai,14.430407524108887°C,54.42%
2023-06-22T16:05:00+04:00 Dubai,14.430407524108887°C,54.42%
2023-06-22T16:10:00+04:00 Dubai,14.430407524108887°C,54.42%
2023-06-22T16:15:00+04:00 Dubai,14.430407524108887°C,54.42%
2023-06-22T16:20:00+04:00 Dubai,14.430407524108887°C,54.42%
2023-06-22T16:25:00+04:00 Dubai,14.430407524108887°C,54.42%
2023-06-22T16:30:00+04:00 Dubai,14.430407524108887°C,54.42%
2023-06-22T16:35:00+04:00 Dubai,14.430407524108887°C,54.42%
2023-06-22T16:40:00+04:00 Dubai,14.430407524108887°C,54.42%
2023-06-22T16:45:00+04:00 Dubai,14.581588745117188°C,54.42%
2023-06-22T16:50:00+04:00 Dubai,14.730267524719238°C,54.42%
2023-06-22T16:55:00+04:00 Dubai,14.730267524719238°C,54.42%
2023-06-22T17:00:00+04:00 Dubai,14.730267524719238°C,54.42%
2023-06-22T17:05:00+04:00 Dubai,14.730267524719238°C,54.42%
2023-06-22T17:10:00+04:00 Dubai,14.730267524719238°C,54.42%
2023-06-22T17:15:00+04:00 Dubai,14.730267524719238°C,54.42%
2023-06-22T17:20:00+04:00 Dubai,14.730267524719238°C,54.42%
2023-06-22T17:25:00+04:00 Dubai,14.58173942565918°C,54.42%
2023-06-22T17:30:00+04:00 Dubai,14.58173942565918°C,54.42%
2023-06-22T17:35:00+04:00 Dubai,14.432202339172363°C,54.42%
2023-06-22T17:40:00+04:00 Dubai,14.582530975341797°C,54.42%
2023-06-22T17:45:00+04:00 Dubai,14.582530975341797°C,54.42%
2023-06-22T17:50:00+04:00 Dubai,14.582530975341797°C,54.42%
2023-06-22T17:55:00+04:00 Dubai,14.582530975341797°C,54.42%
2023-06-22T18:00:00+04:00 Dubai,14.433724403381348°C,53.38%
2023-06-22T18:05:00+04:00 Dubai,14.433724403381348°C,52.07%
2023-06-22T18:10:00+04:00 Dubai,14.433724403381348°C,51.08%
2023-06-22T18:15:00+04:00 Dubai,14.433724403381348°C,49.87%
2023-06-22T18:20:00+04:00 Dubai,14.433724403381348°C,49.87%
2023-06-22T18:25:00+04:00 Dubai,14.433724403381348°C,49.87%
2023-06-22T18:30:00+04:00 Dubai,14.433724403381348°C,49.87%
2023-06-22T18:35:00+04:00 Dubai,14.433724403381348°C,48.53%
2023-06-22T18:40:00+04:00 Dubai,14.433724403381348°C,48.53%
2023-06-22T18:45:00+04:00 Dubai,14.433724403381348°C,47.00%
2023-06-22T18:50:00+04:00 Dubai,14.433724403381348°C,47.00%
2023-06-22T18:55:00+04:00 Dubai,14.433724403381348°C,47.00%
2023-06-22T19:00:00+04:00 Dubai,14.433724403381348°C,47.00%
2023-06-22T19:05:00+04:00 Dubai,14.283228874206543°C,43.10%
2023-06-22T19:10:00+04:00 Dubai,14.283228874206543°C,42.01%
2023-06-22T19:15:00+04:00 Dubai,14.437141418457031°C,43.62%
2023-06-22T19:20:00+04:00 Dubai,14.585899353027344°C,43.62%
2023-06-22T19:25:00+04:00 Dubai,14.585899353027344°C,43.62%
2023-06-22T19:30:00+04:00 Dubai,14.585899353027344°C,43.62%
2023-06-22T19:35:00+04:00 Dubai,14.735506057739258°C,43.62%
2023-06-22T19:40:00+04:00 Dubai,14.735506057739258°C,43.62%
2023-06-22T19:45:00+04:00 Dubai,14.735506057739258°C,43.62%
2023-06-22T19:50:00+04:00 Dubai,14.735506057739258°C,43.62%
2023-06-22T19:55:00+04:00 Dubai,14.735506057739258°C,43.62%
2023-06-22T20:00:00+04:00 Dubai,14.735506057739258°C,43.62%
2023-06-22T20:05:00+04:00 Dubai,14.735506057739258°C,43.62%
2023-06-22T20:10:00+04:00 Dubai,14.735506057739258°C,43.62%
2023-06-22T20:15:00+04:00 Dubai,14.735506057739258°C,43.62%
2023-06-22T20:20:00+04:00 Dubai,14.735506057739258°C,43.62%
2023-06-22T20:25:00+04:00 Dubai,14.884736061096191°C,43.62%
2023-06-22T20:30:00+04:00 Dubai,14.884736061096191°C,43.62%
2023-06-22T20:35:00+04:00 Dubai,14.884736061096191°C,43.62%
2023-06-22T20:40:00+04:00 Dubai,15.033514976501465°C,43.62%
2023-06-22T20:45:00+04:00 Dubai,15.033514976501465°C,43.62%
2023-06-22T20:50:00+04:00 Dubai,15.033514976501465°C,43.62%
2023-06-22T20:55:00+04:00 Dubai,15.033514976501465°C,43.62%
2023-06-22T21:00:00+04:00 Dubai,15.033514976501465°C,43.62%
2023-06-22T21:05:00+04:00 Dubai,15.033514976501465°C,43.62%
2023-06-22T21:10:00+04:00 Dubai,15.033514976501465°C,43.62%
2023-06-22T21:15:00+04:00 Dubai,15.033514976501465°C,43.62%
2023-06-22T21:20:00+04:00 Dubai,15.183027267456055°C,43.62%
2023-06-22T21:25:00+04:00 Dubai,15.183027267456055°C,43.62%
2023-06-22T21:30:00+04:00 Dubai,15.183027267456055°C,43.62%
2023-06-22T21:35:00+04:00 Dubai,15.183027267456055°C,43.62%
2023-06-22T21:40:00+04:00 Dubai,15.183027267456055°C,43.62%
2023-06-22T21:45:00+04:00 Dubai,15.183027267456055°C,43.62%
2023-06-22T21:50:00+04:00 Dubai,15.03183364868164°C,43.62%
2023-06-22T21:55:00+04:00 Dubai,15.03183364868164°C,43.62%
2023-06-22T22:00:00+04:00 Dubai,15.03183364868164°C,43.62%
2023-06-22T22:05:00+04:00 Dubai,15.03183364868164°C,43.62%
2023-06-22T22:10:00+04:00 Dubai,15.03183364868164°C,43.62%
2023-06-22T22:15:00+04:00 Dubai,14.881989479064941°C,43.62%
2023-06-22T22:20:00+04:00 Dubai,14.881989479064941°C,43.62%
2023-06-22T22:25:00+04:00 Dubai,14.881989479064941°C,43.62%
2023-06-22T22:30:00+04:00 Dubai,14.881989479064941°C,43.62%
2023-06-22T22:35:00+04:00 Dubai,14.881989479064941°C,43.62%
2023-06-22T22:40:00+04:00 Dubai,14.732515335083008°C,43.62%
2023-06-22T22:45:00+04:00 Dubai,14.732515335083008°C,43.62%
2023-06-22T22:50:00+04:00 Dubai,14.732515335083008°C,43.62%
2023-06-22T22:55:00+04:00 Dubai,14.732515335083008°C,43.62%
2023-06-22T23:00:00+04:00 Dubai,14.732515335083008°C,43.62%
2023-06-22T23:05:00+04:00 Dubai,14.732515335083008°C,43.62%
2023-06-22T23:10:00+04:00 Dubai,14.732515335083008°C,43.62%
2023-06-22T23:15:00+04:00 Dubai,14.732515335083008°C,43.62%
2023-06-22T23:20:00+04:00 Dubai,14.732515335083008°C,43.62%
2023-06-22T23:25:00+04:00 Dubai,14.732515335083008°C,43.62%
2023-06-22T23:30:00+04:00 Dubai,14.582566261291504°C,43.62%
2023-06-22T23:35:00+04:00 Dubai,14.582566261291504°C,43.62%
2023-06-22T23:40:00+04:00 Dubai,14.582566261291504°C,43.62%
2023-06-22T23:45:00+04:00 Dubai,14.582566261291504°C,43.62%
2023-06-22T23:50:00+04:00 Dubai,14.582566261291504°C,43.62%
2023-06-22T23:55:00+04:00 Dubai,14.582566261291504°C,43.62%
2023-06-23T00:00:00+04:00 Dubai,16.78659439086914°C,28.90%
2023-06-23T00:05:00+04:00 Dubai,16.936267852783203°C,27.65%
2023-06-23T00:10:00+04:00 Dubai,16.833524703979492°C,21.76%
2023-06-23T00:15:00+04:00 Dubai,17.291156768798828°C,25.63%
2023-06-23T00:20:00+04:00 Dubai,17.44217300415039°C,27.07%
2023-06-23T00:25:00+04:00 Dubai,17.59278678894043°C,27.07%
2023-06-23T00:30:00+04:00 Dubai,17.59278678894043°C,27.07%
2023-06-23T00:35:00+04:00 Dubai,17.743412017822266°C,27.07%
2023-06-23T00:40:00+04:00 Dubai,17.894559860229492°C,27.07%
2023-06-23T00:45:00+04:00 Dubai,18.04332160949707°C,27.07%
2023-06-23T00:50:00+04:00 Dubai,18.04332160949707°C,27.07%
2023-06-23T00:55:00+04:00 Dubai,18.193254470825195°C,27.07%
2023-06-23T01:00:00+04:00 Dubai,18.193254470825195°C,27.07%
2023-06-23T01:05:00+04:00 Dubai,18.193254470825195°C,27.07%
2023-06-23T01:10:00+04:00 Dubai,18.34208869934082°C,27.07%
2023-06-23T01:15:00+04:00 Dubai,18.34208869934082°C,27.07%
2023-06-23T01:20:00+04:00 Dubai,18.4923152923584°C,28.10%
2023-06-23T01:25:00+04:00 Dubai,18.4923152923584°C,28.10%
2023-06-23T01:30:00+04:00 Dubai,18.4923152923584°C,29.31%
2023-06-23T01:35:00+04:00 Dubai,18.64082908630371°C,30.69%
2023-06-23T01:40:00+04:00 Dubai,18.483177185058594°C,31.75%
2023-06-23T01:45:00+04:00 Dubai,18.180891036987305°C,30.34%
2023-06-23T01:50:00+04:00 Dubai,18.180891036987305°C,30.34%
2023-06-23T01:55:00+04:00 Dubai,18.180891036987305°C,30.34%
2023-06-23T02:00:00+04:00 Dubai,18.180891036987305°C,30.34%
2023-06-23T02:05:00+04:00 Dubai,18.032331466674805°C,30.34%
2023-06-23T02:10:00+04:00 Dubai,18.032331466674805°C,30.34%
2023-06-23T02:15:00+04:00 Dubai,18.032331466674805°C,30.34%
2023-06-23T02:20:00+04:00 Dubai,18.032331466674805°C,30.34%
2023-06-23T02:25:00+04:00 Dubai,18.032331466674805°C,30.34%
2023-06-23T02:30:00+04:00 Dubai,18.032331466674805°C,30.34%
2023-06-23T02:35:00+04:00 Dubai,18.032331466674805°C,30.34%
2023-06-23T02:40:00+04:00 Dubai,18.032331466674805°C,30.34%
2023-06-23T02:45:00+04:00 Dubai,18.032331466674805°C,30.34%
2023-06-23T02:50:00+04:00 Dubai,18.032331466674805°C,30.34%
2023-06-23T02:55:00+04:00 Dubai,18.032331466674805°C,30.34%
2023-06-23T03:00:00+04:00 Dubai,18.032331466674805°C,30.34%
2023-06-23T03:05:00+04:00 Dubai,18.032331466674805°C,30.34%
2023-06-23T03:10:00+04:00 Dubai,18.032331466674805°C,30.34%
2023-06-23T03:15:00+04:00 Dubai,18.032331466674805°C,30.34%
2023-06-23T03:20:00+04:00 Dubai,18.032331466674805°C,30.34%
2023-06-23T03:25:00+04:00 Dubai,18.032331466674805°C,30.34%
2023-06-23T03:30:00+04:00 Dubai,18.032331466674805°C,30.34%
2023-06-23T03:35:00+04:00 Dubai,18.032331466674805°C,30.34%
2023-06-23T03:40:00+04:00 Dubai,17.882434844970703°C,30.34%
2023-06-23T03:45:00+04:00 Dubai,17.882434844970703°C,30.34%
2023-06-23T03:50:00+04:00 Dubai,17.882434844970703°C,30.34%
2023-06-23T03:55:00+04:00 Dubai,17.882434844970703°C,30.34%
2023-06-23T04:00:00+04:00 Dubai,17.882434844970703°C,30.34%
2023-06-23T04:05:00+04:00 Dubai,17.882434844970703°C,30.34%
2023-06-23T04:10:00+04:00 Dubai,17.882434844970703°C,30.34%
2023-06-23T04:15:00+04:00 Dubai,17.882434844970703°C,30.34%
2023-06-23T04:20:00+04:00 Dubai,17.882434844970703°C,30.34%
2023-06-23T04:25:00+04:00 Dubai,17.882434844970703°C,30.34%
2023-06-23T04:30:00+04:00 Dubai,17.882434844970703°C,30.34%
2023-06-23T04:35:00+04:00 Dubai,17.882434844970703°C,30.34%
2023-06-23T04:40:00+04:00 Dubai,17.882434844970703°C,30.34%
2023-06-23T04:45:00+04:00 Dubai,17.882434844970703°C,30.34%
2023-06-23T04:50:00+04:00 Dubai,17.882434844970703°C,30.34%
2023-06-23T04:55:00+04:00 Dubai,17.882434844970703°C,30.34%
2023-06-23T05:00:00+04:00 Dubai,17.882434844970703°C,30.34%
2023-06-23T05:05:00+04:00 Dubai,17.882434844970703°C,30.34%
2023-06-23T05:10:00+04:00 Dubai,18.031049728393555°C,30.34%
2023-06-23T05:15:00+04:00 Dubai,18.031049728393555°C,30.34%
2023-06-23T05:20:00+04:00 Dubai,18.031049728393555°C,30.34%
2023-06-23T05:25:00+04:00 Dubai,18.031049728393555°C,30.34%
2023-06-23T05:30:00+04:00 Dubai,18.031049728393555°C,30.34%
2023-06-23T05:35:00+04:00 Dubai,18.031049728393555°C,30.34%
2023-06-23T05:40:00+04:00 Dubai,18.031049728393555°C,30.34%
2023-06-23T05:45:00+04:00 Dubai,18.031049728393555°C,30.34%
2023-06-23T05:50:00+04:00 Dubai,18.031049728393555°C,30.34%
2023-06-23T05:55:00+04:00 Dubai,18.031049728393555°C,30.34%
2023-06-23T06:00:00+04:00 Dubai,18.031049728393555°C,30.34%
2023-06-23T06:05:00+04:00 Dubai,18.031049728393555°C,30.34%
2023-06-23T06:10:00+04:00 Dubai,18.031049728393555°C,30.34%
2023-06-23T06:15:00+04:00 Dubai,18.031049728393555°C,30.34%
2023-06-23T06:20:00+04:00 Dubai,18.031049728393555°C,30.34%
2023-06-23T06:25:00+04:00 Dubai,18.031049728393555°C,30.34%
2023-06-23T06:30:00+04:00 Dubai,18.031049728393555°C,30.34%
2023-06-23T06:35:00+04:00 Dubai,18.031049728393555°C,30.34%
2023-06-23T06:40:00+04:00 Dubai,18.031049728393555°C,30.34%
2023-06-23T06:45:00+04:00 Dubai,18.031049728393555°C,30.34%
2023-06-23T06:50:00+04:00 Dubai,18.031049728393555°C,30.34%
2023-06-23T06:55:00+04:00 Dubai,18.031049728393555°C,30.34%
2023-06-23T07:00:00+04:00 Dubai,18.031049728393555°C,30.34%
2023-06-23T07:05:00+04:00 Dubai,18.031049728393555°C,30.34%
2023-06-23T07:10:00+04:00 Dubai,18.031049728393555°C,30.34%
2023-06-23T07:15:00+04:00 Dubai,,
2023-06-23T07:20:00+04:00 Dubai,,
2023-06-23T07:25:00+04:00 Dubai,,
2023-06-23T07:30:00+04:00 Dubai,,
2023-06-23T07:35:00+04:00 Dubai,,
2023-06-23T07:40:00+04:00 Dubai,24.707063674926758°C,6.37%
2023-06-23T07:45:00+04:00 Dubai,24.141395568847656°C,45.82%
2023-06-23T07:50:00+04:00 Dubai,21.7255859375°C,54.07%
2023-06-23T07:55:00+04:00 Dubai,20.646427154541016°C,71.39%
2023-06-23T08:00:00+04:00 Dubai,19.707414627075195°C,87.02%
2023-06-23T08:05:00+04:00 Dubai,18.91377830505371°C,96.64%
2023-06-23T08:10:00+04:00 Dubai,17.994205474853516°C,100%
2023-06-23T08:15:00+04:00 Dubai,16.916215896606445°C,100%
2023-06-23T08:20:00+04:00 Dubai,16.134462356567383°C,98.23%
2023-06-23T08:25:00+04:00 Dubai,15.208757400512695°C,92.64%
2023-06-23T08:30:00+04:00 Dubai,14.589072227478027°C,92.64%
2023-06-23T08:35:00+04:00 Dubai,15.16080379486084°C,92.12%
2023-06-23T08:40:00+04:00 Dubai,15.777801513671875°C,94.95%
2023-06-23T08:45:00+04:00 Dubai,15.927618026733398°C,98.01%
2023-06-23T08:50:00+04:00 Dubai,16.249177932739258°C,99.34%
2023-06-23T08:55:00+04:00 Dubai,15.632107734680176°C,99.34%
2023-06-23T09:00:00+04:00 Dubai,15.004552841186523°C,98.12%
2023-06-23T09:05:00+04:00 Dubai,14.700913429260254°C,98.12%
2023-06-23T09:10:00+04:00 Dubai,14.550365447998047°C,98.12%
2023-06-23T09:15:00+04:00 Dubai,14.401042938232422°C,95.83%
2023-06-23T09:20:00+04:00 Dubai,14.251799583435059°C,94.73%
2023-06-23T09:25:00+04:00 Dubai,14.251799583435059°C,92.35%
2023-06-23T09:30:00+04:00 Dubai,14.251799583435059°C,91.25%
2023-06-23T09:35:00+04:00 Dubai,14.251799583435059°C,90.21%
2023-06-23T09:40:00+04:00 Dubai,14.251799583435059°C,89.02%
2023-06-23T09:45:00+04:00 Dubai,14.251799583435059°C,86.91%
2023-06-23T09:50:00+04:00 Dubai,14.251799583435059°C,86.91%
2023-06-23T09:55:00+04:00 Dubai,14.251799583435059°C,85.88%
2023-06-23T10:00:00+04:00 Dubai,14.401101112365723°C,85.88%
2023-06-23T10:05:00+04:00 Dubai,14.401101112365723°C,85.88%
2023-06-23T10:10:00+04:00 Dubai,14.401101112365723°C,85.88%
2023-06-23T10:15:00+04:00 Dubai,14.401101112365723°C,85.88%
2023-06-23T10:20:00+04:00 Dubai,14.401101112365723°C,85.88%
2023-06-23T10:25:00+04:00 Dubai,14.401101112365723°C,85.88%
2023-06-23T10:30:00+04:00 Dubai,14.551825523376465°C,85.88%
2023-06-23T10:35:00+04:00 Dubai,14.551825523376465°C,85.88%
2023-06-23T10:40:00+04:00 Dubai,14.551825523376465°C,85.88%
2023-06-23T10:45:00+04:00 Dubai,14.551825523376465°C,85.88%
2023-06-23T10:50:00+04:00 Dubai,14.551825523376465°C,85.88%
2023-06-23T10:55:00+04:00 Dubai,14.551825523376465°C,85.88%
2023-06-23T11:00:00+04:00 Dubai,14.551825523376465°C,85.88%
2023-06-23T11:05:00+04:00 Dubai,14.551825523376465°C,85.88%
2023-06-23T11:10:00+04:00 Dubai,14.551825523376465°C,85.88%
2023-06-23T11:15:00+04:00 Dubai,14.551825523376465°C,85.88%
2023-06-23T11:20:00+04:00 Dubai,14.551825523376465°C,85.88%
2023-06-23T11:25:00+04:00 Dubai,14.551825523376465°C,85.88%
2023-06-23T11:30:00+04:00 Dubai,14.551825523376465°C,85.88%
2023-06-23T11:35:00+04:00 Dubai,14.551825523376465°C,85.88%
2023-06-23T11:40:00+04:00 Dubai,14.551825523376465°C,84.65%
2023-06-23T11:45:00+04:00 Dubai,14.551825523376465°C,84.65%
2023-06-23T11:50:00+04:00 Dubai,14.551825523376465°C,84.65%
2023-06-23T11:55:00+04:00 Dubai,14.551825523376465°C,83.62%
2023-06-23T12:00:00+04:00 Dubai,14.551825523376465°C,83.62%
2023-06-23T12:05:00+04:00 Dubai,14.551825523376465°C,83.62%
2023-06-23T12:10:00+04:00 Dubai,14.551825523376465°C,83.62%
2023-06-23T12:15:00+04:00 Dubai,14.551825523376465°C,83.62%
2023-06-23T12:20:00+04:00 Dubai,14.551825523376465°C,82.57%
2023-06-23T12:25:00+04:00 Dubai,14.551825523376465°C,82.57%
2023-06-23T12:30:00+04:00 Dubai,14.551825523376465°C,82.57%
2023-06-23T12:35:00+04:00 Dubai,14.551825523376465°C,82.57%
2023-06-23T12:40:00+04:00 Dubai,14.551825523376465°C,82.57%
2023-06-23T12:45:00+04:00 Dubai,14.551825523376465°C,82.57%
2023-06-23T12:50:00+04:00 Dubai,14.551825523376465°C,82.57%
2023-06-23T12:55:00+04:00 Dubai,14.551825523376465°C,82.57%
2023-06-23T13:00:00+04:00 Dubai,14.551825523376465°C,82.57%
2023-06-23T13:05:00+04:00 Dubai,14.551825523376465°C,82.57%
2023-06-23T13:10:00+04:00 Dubai,14.551825523376465°C,82.57%
2023-06-23T13:15:00+04:00 Dubai,14.551825523376465°C,82.57%
2023-06-23T13:20:00+04:00 Dubai,14.551825523376465°C,82.57%
2023-06-23T13:25:00+04:00 Dubai,14.551825523376465°C,82.57%
2023-06-23T13:30:00+04:00 Dubai,14.551825523376465°C,82.57%
2023-06-23T13:35:00+04:00 Dubai,14.551825523376465°C,82.57%
2023-06-23T13:40:00+04:00 Dubai,14.551825523376465°C,81.54%
2023-06-23T13:45:00+04:00 Dubai,14.402388572692871°C,81.54%
2023-06-23T13:50:00+04:00 Dubai,14.402388572692871°C,81.54%
2023-06-23T13:55:00+04:00 Dubai,14.402388572692871°C,81.54%
2023-06-23T14:00:00+04:00 Dubai,14.402388572692871°C,81.54%
2023-06-23T14:05:00+04:00 Dubai,14.402388572692871°C,81.54%
2023-06-23T14:10:00+04:00 Dubai,14.402388572692871°C,81.54%
2023-06-23T14:15:00+04:00 Dubai,14.402388572692871°C,81.54%
2023-06-23T14:20:00+04:00 Dubai,14.553455352783203°C,81.54%
2023-06-23T14:25:00+04:00 Dubai,14.553455352783203°C,81.54%
2023-06-23T14:30:00+04:00 Dubai,14.553455352783203°C,81.54%
2023-06-23T14:35:00+04:00 Dubai,14.553455352783203°C,81.54%
2023-06-23T14:40:00+04:00 Dubai,14.553455352783203°C,81.54%
2023-06-23T14:45:00+04:00 Dubai,14.553455352783203°C,81.54%
2023-06-23T14:50:00+04:00 Dubai,14.553455352783203°C,81.54%
2023-06-23T14:55:00+04:00 Dubai,14.553455352783203°C,81.54%
2023-06-23T15:00:00+04:00 Dubai,14.553455352783203°C,81.54%
2023-06-23T15:05:00+04:00 Dubai,14.702184677124023°C,81.54%
2023-06-23T15:10:00+04:00 Dubai,14.702184677124023°C,81.54%
2023-06-23T15:15:00+04:00 Dubai,14.702184677124023°C,81.54%
2023-06-23T15:20:00+04:00 Dubai,14.702184677124023°C,81.54%
2023-06-23T15:25:00+04:00 Dubai,14.702184677124023°C,81.54%
2023-06-23T15:30:00+04:00 Dubai,14.702184677124023°C,81.54%
2023-06-23T15:35:00+04:00 Dubai,14.702184677124023°C,81.54%
2023-06-23T15:40:00+04:00 Dubai,14.702184677124023°C,81.54%
2023-06-23T15:45:00+04:00 Dubai,14.702184677124023°C,81.54%
2023-06-23T15:50:00+04:00 Dubai,14.702184677124023°C,81.54%
2023-06-23T15:55:00+04:00 Dubai,14.702184677124023°C,81.54%
2023-06-23T16:00:00+04:00 Dubai,14.702184677124023°C,81.54%
2023-06-23T16:05:00+04:00 Dubai,14.702184677124023°C,81.54%
2023-06-23T16:10:00+04:00 Dubai,14.702184677124023°C,81.54%
2023-06-23T16:15:00+04:00 Dubai,14.702184677124023°C,81.54%
2023-06-23T16:20:00+04:00 Dubai,14.702184677124023°C,81.54%
2023-06-23T16:25:00+04:00 Dubai,14.702184677124023°C,81.54%
2023-06-23T16:30:00+04:00 Dubai,14.702184677124023°C,81.54%
2023-06-23T16:35:00+04:00 Dubai,14.702184677124023°C,81.54%
2023-06-23T16:40:00+04:00 Dubai,14.702184677124023°C,81.54%
2023-06-23T16:45:00+04:00 Dubai,14.702184677124023°C,81.54%
2023-06-23T16:50:00+04:00 Dubai,14.551919937133789°C,81.54%
2023-06-23T16:55:00+04:00 Dubai,14.551919937133789°C,81.54%
2023-06-23T17:00:00+04:00 Dubai,14.551919937133789°C,81.54%
2023-06-23T17:05:00+04:00 Dubai,14.551919937133789°C,80.53%
2023-06-23T17:10:00+04:00 Dubai,14.551919937133789°C,80.53%
2023-06-23T17:15:00+04:00 Dubai,14.551919937133789°C,80.53%
2023-06-23T17:20:00+04:00 Dubai,14.551919937133789°C,80.53%
2023-06-23T17:25:00+04:00 Dubai,14.551919937133789°C,79.49%
2023-06-23T17:30:00+04:00 Dubai,14.551919937133789°C,79.49%
2023-06-23T17:35:00+04:00 Dubai,14.551919937133789°C,79.49%
2023-06-23T17:40:00+04:00 Dubai,14.551919937133789°C,79.49%
2023-06-23T17:45:00+04:00 Dubai,14.551919937133789°C,78.45%
2023-06-23T17:50:00+04:00 Dubai,14.092849731445312°C,72.90%
2023-06-23T17:55:00+04:00 Dubai,13.786993026733398°C,66.82%
2023-06-23T18:00:00+04:00 Dubai,13.637728691101074°C,62.42%
2023-06-23T18:05:00+04:00 Dubai,13.637728691101074°C,57.90%
2023-06-23T18:10:00+04:00 Dubai,13.78933048248291°C,55.38%
2023-06-23T18:15:00+04:00 Dubai,13.940587997436523°C,55.38%
2023-06-23T18:20:00+04:00 Dubai,13.940587997436523°C,52.70%
2023-06-23T18:25:00+04:00 Dubai,14.091318130493164°C,52.70%
2023-06-23T18:30:00+04:00 Dubai,14.091318130493164°C,51.66%
2023-06-23T18:35:00+04:00 Dubai,14.091318130493164°C,49.48%
2023-06-23T18:40:00+04:00 Dubai,14.242796897888184°C,48.15%
2023-06-23T18:45:00+04:00 Dubai,14.242796897888184°C,48.15%
2023-06-23T18:50:00+04:00 Dubai,14.242796897888184°C,47.03%
2023-06-23T18:55:00+04:00 Dubai,14.242796897888184°C,45.96%
2023-06-23T19:00:00+04:00 Dubai,14.242796897888184°C,43.51%
2023-06-23T19:05:00+04:00 Dubai,14.242796897888184°C,43.51%
2023-06-23T19:10:00+04:00 Dubai,14.242796897888184°C,42.08%
2023-06-23T19:15:00+04:00 Dubai,14.391923904418945°C,43.40%
2023-06-23T19:20:00+04:00 Dubai,14.391923904418945°C,43.40%
2023-06-23T19:25:00+04:00 Dubai,14.701306343078613°C,43.40%
2023-06-23T19:30:00+04:00 Dubai,14.701306343078613°C,43.40%
2023-06-23T19:35:00+04:00 Dubai,14.701306343078613°C,43.40%
2023-06-23T19:40:00+04:00 Dubai,14.701306343078613°C,43.40%
2023-06-23T19:45:00+04:00 Dubai,14.701306343078613°C,43.40%
2023-06-23T19:50:00+04:00 Dubai,14.701306343078613°C,43.40%
2023-06-23T19:55:00+04:00 Dubai,14.701306343078613°C,43.40%
2023-06-23T20:00:00+04:00 Dubai,14.849952697753906°C,43.40%
2023-06-23T20:05:00+04:00 Dubai,14.849952697753906°C,43.40%
2023-06-23T20:10:00+04:00 Dubai,14.849952697753906°C,43.40%
2023-06-23T20:15:00+04:00 Dubai,14.849952697753906°C,43.40%
2023-06-23T20:20:00+04:00 Dubai,14.849952697753906°C,43.40%
2023-06-23T20:25:00+04:00 Dubai,14.849952697753906°C,43.40%
2023-06-23T20:30:00+04:00 Dubai,14.849952697753906°C,43.40%
2023-06-23T20:35:00+04:00 Dubai,14.849952697753906°C,43.40%
2023-06-23T20:40:00+04:00 Dubai,14.849952697753906°C,43.40%
2023-06-23T20:45:00+04:00 Dubai,14.849952697753906°C,43.40%
2023-06-23T20:50:00+04:00 Dubai,14.849952697753906°C,43.40%
2023-06-23T20:55:00+04:00 Dubai,14.849952697753906°C,43.40%
2023-06-23T21:00:00+04:00 Dubai,14.849952697753906°C,43.40%
2023-06-23T21:05:00+04:00 Dubai,14.849952697753906°C,43.40%
2023-06-23T21:10:00+04:00 Dubai,14.849952697753906°C,43.40%
2023-06-23T21:15:00+04:00 Dubai,14.849952697753906°C,43.40%
2023-06-23T21:20:00+04:00 Dubai,14.849952697753906°C,43.40%
2023-06-23T21:25:00+04:00 Dubai,14.849952697753906°C,43.40%
2023-06-23T21:30:00+04:00 Dubai,14.849952697753906°C,43.40%
2023-06-23T21:35:00+04:00 Dubai,14.849952697753906°C,43.40%
2023-06-23T21:40:00+04:00 Dubai,14.849952697753906°C,43.40%
2023-06-23T21:45:00+04:00 Dubai,14.849952697753906°C,43.40%
2023-06-23T21:50:00+04:00 Dubai,14.849952697753906°C,43.40%
2023-06-23T21:55:00+04:00 Dubai,14.849952697753906°C,43.40%
2023-06-23T22:00:00+04:00 Dubai,14.849952697753906°C,43.40%
2023-06-23T22:05:00+04:00 Dubai,14.849952697753906°C,43.40%
2023-06-23T22:10:00+04:00 Dubai,14.849952697753906°C,43.40%
2023-06-23T22:15:00+04:00 Dubai,14.849952697753906°C,43.40%
2023-06-23T22:20:00+04:00 Dubai,14.849952697753906°C,43.40%
2023-06-23T22:25:00+04:00 Dubai,14.849952697753906°C,43.40%
2023-06-23T22:30:00+04:00 Dubai,14.849952697753906°C,43.40%
2023-06-23T22:35:00+04:00 Dubai,14.849952697753906°C,43.40%
2023-06-23T22:40:00+04:00 Dubai,14.849952697753906°C,43.40%
2023-06-23T22:45:00+04:00 Dubai,14.849952697753906°C,43.40%
2023-06-23T22:50:00+04:00 Dubai,14.701335906982422°C,43.40%
2023-06-23T22:55:00+04:00 Dubai,14.701335906982422°C,43.40%
2023-06-23T23:00:00+04:00 Dubai,14.701335906982422°C,43.40%
2023-06-23T23:05:00+04:00 Dubai,14.701335906982422°C,43.40%
2023-06-23T23:10:00+04:00 Dubai,14.701335906982422°C,43.40%
2023-06-23T23:15:00+04:00 Dubai,14.552078247070312°C,43.40%
2023-06-23T23:20:00+04:00 Dubai,14.552078247070312°C,43.40%
2023-06-23T23:25:00+04:00 Dubai,14.552078247070312°C,43.40%
2023-06-23T23:30:00+04:00 Dubai,14.552078247070312°C,42.31%
2023-06-23T23:35:00+04:00 Dubai,14.552078247070312°C,42.31%
2023-06-23T23:40:00+04:00 Dubai,14.40231704711914°C,41.29%
2023-06-23T23:45:00+04:00 Dubai,14.40231704711914°C,40.16%
2023-06-23T23:50:00+04:00 Dubai,14.55376148223877°C,40.46%
2023-06-23T23:55:00+04:00 Dubai,14.702749252319336°C,40.46%
2023-06-24T00:00:00+04:00 Dubai,16.997385025024414°C,27.86%
2023-06-24T00:05:00+04:00 Dubai,16.997385025024414°C,26.15%
2023-06-24T00:10:00+04:00 Dubai,16.779809951782227°C,20.47%
2023-06-24T00:15:00+04:00 Dubai,17.408628463745117°C,26.02%
2023-06-24T00:20:00+04:00 Dubai,17.707050323486328°C,26.02%
2023-06-24T00:25:00+04:00 Dubai,17.855695724487305°C,26.02%
2023-06-24T00:30:00+04:00 Dubai,18.005126953125°C,26.02%
2023-06-24T00:35:00+04:00 Dubai,18.15367889404297°C,26.02%
2023-06-24T00:40:00+04:00 Dubai,18.30435562133789°C,26.02%
2023-06-24T00:45:00+04:00 Dubai,18.30435562133789°C,26.02%
2023-06-24T00:50:00+04:00 Dubai,18.45332908630371°C,26.02%
2023-06-24T00:55:00+04:00 Dubai,18.604049682617188°C,27.30%
2023-06-24T01:00:00+04:00 Dubai,18.604049682617188°C,29.49%
2023-06-24T01:05:00+04:00 Dubai,18.30006217956543°C,28.14%
2023-06-24T01:10:00+04:00 Dubai,18.151199340820312°C,28.14%
2023-06-24T01:15:00+04:00 Dubai,18.002267837524414°C,28.14%
2023-06-24T01:20:00+04:00 Dubai,18.002267837524414°C,28.14%
2023-06-24T01:25:00+04:00 Dubai,18.002267837524414°C,28.14%
2023-06-24T01:30:00+04:00 Dubai,18.002267837524414°C,28.14%
2023-06-24T01:35:00+04:00 Dubai,18.002267837524414°C,28.14%
2023-06-24T01:40:00+04:00 Dubai,18.002267837524414°C,28.14%
2023-06-24T01:45:00+04:00 Dubai,18.002267837524414°C,28.14%
2023-06-24T01:50:00+04:00 Dubai,18.002267837524414°C,28.14%
2023-06-24T01:55:00+04:00 Dubai,18.002267837524414°C,28.14%
2023-06-24T02:00:00+04:00 Dubai,18.002267837524414°C,28.14%
2023-06-24T02:05:00+04:00 Dubai,18.002267837524414°C,28.14%
2023-06-24T02:10:00+04:00 Dubai,18.002267837524414°C,28.14%
2023-06-24T02:15:00+04:00 Dubai,18.002267837524414°C,28.14%
2023-06-24T02:20:00+04:00 Dubai,18.002267837524414°C,28.14%
2023-06-24T02:25:00+04:00 Dubai,18.002267837524414°C,28.14%
2023-06-24T02:30:00+04:00 Dubai,18.002267837524414°C,28.14%
2023-06-24T02:35:00+04:00 Dubai,18.002267837524414°C,28.14%
2023-06-24T02:40:00+04:00 Dubai,18.002267837524414°C,28.14%
2023-06-24T02:45:00+04:00 Dubai,18.002267837524414°C,28.14%
2023-06-24T02:50:00+04:00 Dubai,18.002267837524414°C,28.14%
2023-06-24T02:55:00+04:00 Dubai,18.002267837524414°C,28.14%
2023-06-24T03:00:00+04:00 Dubai,18.002267837524414°C,28.14%
2023-06-24T03:05:00+04:00 Dubai,18.002267837524414°C,28.14%
2023-06-24T03:10:00+04:00 Dubai,18.002267837524414°C,28.14%
2023-06-24T03:15:00+04:00 Dubai,18.002267837524414°C,28.14%
2023-06-24T03:20:00+04:00 Dubai,18.002267837524414°C,28.14%
2023-06-24T03:25:00+04:00 Dubai,18.002267837524414°C,28.14%
2023-06-24T03:30:00+04:00 Dubai,18.002267837524414°C,28.14%
2023-06-24T03:35:00+04:00 Dubai,18.002267837524414°C,28.14%
2023-06-24T03:40:00+04:00 Dubai,18.002267837524414°C,28.14%
2023-06-24T03:45:00+04:00 Dubai,18.002267837524414°C,28.14%
2023-06-24T03:50:00+04:00 Dubai,18.002267837524414°C,28.14%
2023-06-24T03:55:00+04:00 Dubai,18.002267837524414°C,28.14%
2023-06-24T04:00:00+04:00 Dubai,18.002267837524414°C,28.14%
2023-06-24T04:05:00+04:00 Dubai,18.002267837524414°C,28.14%
2023-06-24T04:10:00+04:00 Dubai,18.002267837524414°C,28.14%
2023-06-24T04:15:00+04:00 Dubai,18.002267837524414°C,28.14%
2023-06-24T04:20:00+04:00 Dubai,18.002267837524414°C,28.14%
2023-06-24T04:25:00+04:00 Dubai,18.002267837524414°C,28.14%
2023-06-24T04:30:00+04:00 Dubai,18.002267837524414°C,28.14%
2023-06-24T04:35:00+04:00 Dubai,18.002267837524414°C,28.14%
2023-06-24T04:40:00+04:00 Dubai,18.002267837524414°C,28.14%
2023-06-24T04:45:00+04:00 Dubai,18.002267837524414°C,28.14%
2023-06-24T04:50:00+04:00 Dubai,18.002267837524414°C,28.14%
2023-06-24T04:55:00+04:00 Dubai,18.002267837524414°C,28.14%
2023-06-24T05:00:00+04:00 Dubai,18.002267837524414°C,28.14%
2023-06-24T05:05:00+04:00 Dubai,18.002267837524414°C,28.14%
2023-06-24T05:10:00+04:00 Dubai,18.002267837524414°C,28.14%
2023-06-24T05:15:00+04:00 Dubai,18.002267837524414°C,28.14%
2023-06-24T05:20:00+04:00 Dubai,18.002267837524414°C,28.14%
2023-06-24T05:25:00+04:00 Dubai,18.002267837524414°C,28.14%
2023-06-24T05:30:00+04:00 Dubai,18.002267837524414°C,28.14%
2023-06-24T05:35:00+04:00 Dubai,18.002267837524414°C,28.14%
2023-06-24T05:40:00+04:00 Dubai,18.002267837524414°C,28.14%
2023-06-24T05:45:00+04:00 Dubai,18.002267837524414°C,28.14%
2023-06-24T05:50:00+04:00 Dubai,18.002267837524414°C,28.14%
2023-06-24T05:55:00+04:00 Dubai,18.002267837524414°C,28.14%
2023-06-24T06:00:00+04:00 Dubai,18.002267837524414°C,28.14%
2023-06-24T06:05:00+04:00 Dubai,16.03346824645996°C,41.22%
2023-06-24T06:10:00+04:00 Dubai,16.03346824645996°C,43.12%
2023-06-24T06:15:00+04:00 Dubai,15.88359546661377°C,44.16%
2023-06-24T06:20:00+04:00 Dubai,15.733059883117676°C,43.06%
2023-06-24T06:25:00+04:00 Dubai,15.582596778869629°C,42.06%
2023-06-24T06:30:00+04:00 Dubai,15.432808876037598°C,42.06%
2023-06-24T06:35:00+04:00 Dubai,15.432808876037598°C,42.06%
2023-06-24T06:40:00+04:00 Dubai,15.282085418701172°C,42.06%
2023-06-24T06:45:00+04:00 Dubai,15.282085418701172°C,42.06%
2023-06-24T06:50:00+04:00 Dubai,15.282085418701172°C,42.06%
2023-06-24T06:55:00+04:00 Dubai,15.13330364227295°C,42.06%
2023-06-24T07:00:00+04:00 Dubai,15.13330364227295°C,42.06%
2023-06-24T07:05:00+04:00 Dubai,15.910238265991211°C,45.63%
2023-06-24T07:10:00+04:00 Dubai,16.061445236206055°C,50.83%
2023-06-24T07:15:00+04:00 Dubai,16.061445236206055°C,53.46%
2023-06-24T07:20:00+04:00 Dubai,16.061445236206055°C,54.86%
2023-06-24T07:25:00+04:00 Dubai,16.061445236206055°C,57.35%
2023-06-24T07:30:00+04:00 Dubai,16.061445236206055°C,59.04%
2023-06-24T07:35:00+04:00 Dubai,15.912670135498047°C,60.23%
2023-06-24T07:40:00+04:00 Dubai,15.912670135498047°C,62.49%
2023-06-24T07:45:00+04:00 Dubai,15.912670135498047°C,63.51%
2023-06-24T07:50:00+04:00 Dubai,15.912670135498047°C,66.21%
2023-06-24T07:55:00+04:00 Dubai,15.912670135498047°C,67.40%
2023-06-24T08:00:00+04:00 Dubai,15.912670135498047°C,70.28%
2023-06-24T08:05:00+04:00 Dubai,15.912670135498047°C,72.66%
2023-06-24T08:10:00+04:00 Dubai,15.912670135498047°C,73.95%
2023-06-24T08:15:00+04:00 Dubai,15.912670135498047°C,76.98%
2023-06-24T08:20:00+04:00 Dubai,15.912670135498047°C,79.48%
2023-06-24T08:25:00+04:00 Dubai,15.912670135498047°C,80.53%
2023-06-24T08:30:00+04:00 Dubai,15.912670135498047°C,83.02%
2023-06-24T08:35:00+04:00 Dubai,15.912670135498047°C,85.55%
2023-06-24T08:40:00+04:00 Dubai,15.912670135498047°C,86.81%
2023-06-24T08:45:00+04:00 Dubai,15.912670135498047°C,90.00%
2023-06-24T08:50:00+04:00 Dubai,15.912670135498047°C,92.59%
2023-06-24T08:55:00+04:00 Dubai,15.912670135498047°C,95.11%
2023-06-24T09:00:00+04:00 Dubai,15.289992332458496°C,92.69%
2023-06-24T09:05:00+04:00 Dubai,14.034858703613281°C,87.44%
2023-06-24T09:10:00+04:00 Dubai,13.727543830871582°C,80.56%
2023-06-24T09:15:00+04:00 Dubai,13.727543830871582°C,76.91%
2023-06-24T09:20:00+04:00 Dubai,13.727543830871582°C,73.66%
2023-06-24T09:25:00+04:00 Dubai,13.727543830871582°C,70.92%
2023-06-24T09:30:00+04:00 Dubai,13.876514434814453°C,67.54%
2023-06-24T09:35:00+04:00 Dubai,13.876514434814453°C,66.17%
2023-06-24T09:40:00+04:00 Dubai,14.027447700500488°C,64.76%
2023-06-24T09:45:00+04:00 Dubai,14.027447700500488°C,62.09%
2023-06-24T09:50:00+04:00 Dubai,14.027447700500488°C,61.01%
2023-06-24T09:55:00+04:00 Dubai,14.176573753356934°C,59.70%
2023-06-24T10:00:00+04:00 Dubai,14.176573753356934°C,59.70%
2023-06-24T10:05:00+04:00 Dubai,14.325909614562988°C,59.70%
2023-06-24T10:10:00+04:00 Dubai,14.325909614562988°C,59.70%
2023-06-24T10:15:00+04:00 Dubai,14.325909614562988°C,58.64%
2023-06-24T10:20:00+04:00 Dubai,14.325909614562988°C,58.64%
2023-06-24T10:25:00+04:00 Dubai,14.325909614562988°C,58.64%
2023-06-24T10:30:00+04:00 Dubai,14.325909614562988°C,58.64%
2023-06-24T10:35:00+04:00 Dubai,14.47445011138916°C,58.64%
2023-06-24T10:40:00+04:00 Dubai,14.47445011138916°C,58.64%
2023-06-24T10:45:00+04:00 Dubai,14.47445011138916°C,57.43%
2023-06-24T10:50:00+04:00 Dubai,14.47445011138916°C,57.43%
2023-06-24T10:55:00+04:00 Dubai,14.47445011138916°C,56.20%
2023-06-24T11:00:00+04:00 Dubai,14.47445011138916°C,56.20%
2023-06-24T11:05:00+04:00 Dubai,14.47445011138916°C,56.20%
2023-06-24T11:10:00+04:00 Dubai,14.47445011138916°C,56.20%
2023-06-24T11:15:00+04:00 Dubai,14.47445011138916°C,56.20%
2023-06-24T11:20:00+04:00 Dubai,14.47445011138916°C,56.20%
2023-06-24T11:25:00+04:00 Dubai,14.47445011138916°C,56.20%
2023-06-24T11:30:00+04:00 Dubai,14.47445011138916°C,56.20%
2023-06-24T11:35:00+04:00 Dubai,14.47445011138916°C,56.20%
2023-06-24T11:40:00+04:00 Dubai,14.47445011138916°C,56.20%
2023-06-24T11:45:00+04:00 Dubai,14.47445011138916°C,55.18%
2023-06-24T11:50:00+04:00 Dubai,14.47445011138916°C,55.18%
2023-06-24T11:55:00+04:00 Dubai,14.47445011138916°C,54.13%
2023-06-24T12:00:00+04:00 Dubai,14.47445011138916°C,54.13%
2023-06-24T12:05:00+04:00 Dubai,14.47445011138916°C,52.92%
2023-06-24T12:10:00+04:00 Dubai,14.47445011138916°C,51.81%
2023-06-24T12:15:00+04:00 Dubai,14.47445011138916°C,52.81%
2023-06-24T12:20:00+04:00 Dubai,14.625232696533203°C,52.81%
2023-06-24T12:25:00+04:00 Dubai,14.625232696533203°C,52.81%
2023-06-24T12:30:00+04:00 Dubai,14.625232696533203°C,52.81%
2023-06-24T12:35:00+04:00 Dubai,14.625232696533203°C,52.81%
2023-06-24T12:40:00+04:00 Dubai,14.625232696533203°C,52.81%
2023-06-24T12:45:00+04:00 Dubai,14.625232696533203°C,52.81%
2023-06-24T12:50:00+04:00 Dubai,14.625232696533203°C,52.81%
2023-06-24T12:55:00+04:00 Dubai,14.625232696533203°C,52.81%
2023-06-24T13:00:00+04:00 Dubai,14.625232696533203°C,52.81%
2023-06-24T13:05:00+04:00 Dubai,14.625232696533203°C,52.81%
2023-06-24T13:10:00+04:00 Dubai,14.625232696533203°C,52.81%
2023-06-24T13:15:00+04:00 Dubai,14.625232696533203°C,52.81%
2023-06-24T13:20:00+04:00 Dubai,14.625232696533203°C,52.81%
2023-06-24T13:25:00+04:00 Dubai,14.625232696533203°C,52.81%
2023-06-24T13:30:00+04:00 Dubai,14.625232696533203°C,52.81%
2023-06-24T13:35:00+04:00 Dubai,14.625232696533203°C,52.81%
2023-06-24T13:40:00+04:00 Dubai,14.625232696533203°C,52.81%
2023-06-24T13:45:00+04:00 Dubai,14.625232696533203°C,52.81%
2023-06-24T13:50:00+04:00 Dubai,14.625232696533203°C,52.81%
2023-06-24T13:55:00+04:00 Dubai,14.625232696533203°C,52.81%
2023-06-24T14:00:00+04:00 Dubai,14.625232696533203°C,52.81%
2023-06-24T14:05:00+04:00 Dubai,14.625232696533203°C,52.81%
2023-06-24T14:10:00+04:00 Dubai,14.625232696533203°C,52.81%
2023-06-24T14:15:00+04:00 Dubai,14.625232696533203°C,52.81%
2023-06-24T14:20:00+04:00 Dubai,14.625232696533203°C,52.81%
2023-06-24T14:25:00+04:00 Dubai,14.625232696533203°C,52.81%
2023-06-24T14:30:00+04:00 Dubai,14.625232696533203°C,52.81%
2023-06-24T14:35:00+04:00 Dubai,14.625232696533203°C,52.81%
2023-06-24T14:40:00+04:00 Dubai,14.625232696533203°C,52.81%
2023-06-24T14:45:00+04:00 Dubai,14.625232696533203°C,52.81%
2023-06-24T14:50:00+04:00 Dubai,14.773785591125488°C,52.81%
2023-06-24T14:55:00+04:00 Dubai,14.773785591125488°C,52.81%
2023-06-24T15:00:00+04:00 Dubai,14.773785591125488°C,52.81%
2023-06-24T15:05:00+04:00 Dubai,14.773785591125488°C,52.81%
2023-06-24T15:10:00+04:00 Dubai,14.922744750976562°C,52.81%
2023-06-24T15:15:00+04:00 Dubai,14.922744750976562°C,52.81%
2023-06-24T15:20:00+04:00 Dubai,14.922744750976562°C,52.81%
2023-06-24T15:25:00+04:00 Dubai,14.922744750976562°C,52.81%
2023-06-24T15:30:00+04:00 Dubai,14.922744750976562°C,52.81%
2023-06-24T15:35:00+04:00 Dubai,14.922744750976562°C,52.81%
2023-06-24T15:40:00+04:00 Dubai,14.922744750976562°C,52.81%
2023-06-24T15:45:00+04:00 Dubai,14.922744750976562°C,52.81%
2023-06-24T15:50:00+04:00 Dubai,14.922744750976562°C,52.81%
2023-06-24T15:55:00+04:00 Dubai,15.07156753540039°C,52.81%
2023-06-24T16:00:00+04:00 Dubai,15.07156753540039°C,52.81%
2023-06-24T16:05:00+04:00 Dubai,15.07156753540039°C,52.81%
2023-06-24T16:10:00+04:00 Dubai,15.07156753540039°C,52.81%
2023-06-24T16:15:00+04:00 Dubai,15.07156753540039°C,52.81%
2023-06-24T16:20:00+04:00 Dubai,15.07156753540039°C,52.81%
2023-06-24T16:25:00+04:00 Dubai,14.922911643981934°C,52.81%
2023-06-24T16:30:00+04:00 Dubai,14.922911643981934°C,52.81%
2023-06-24T16:35:00+04:00 Dubai,14.922911643981934°C,52.81%
2023-06-24T16:40:00+04:00 Dubai,14.922911643981934°C,52.81%
2023-06-24T16:45:00+04:00 Dubai,14.922911643981934°C,52.81%
2023-06-24T16:50:00+04:00 Dubai,14.922911643981934°C,52.81%
2023-06-24T16:55:00+04:00 Dubai,14.922911643981934°C,52.81%
2023-06-24T17:00:00+04:00 Dubai,14.774303436279297°C,52.81%
2023-06-24T17:05:00+04:00 Dubai,14.774303436279297°C,52.81%
2023-06-24T17:10:00+04:00 Dubai,14.774303436279297°C,52.81%
2023-06-24T17:15:00+04:00 Dubai,14.774303436279297°C,52.81%
2023-06-24T17:20:00+04:00 Dubai,14.625075340270996°C,52.81%
2023-06-24T17:25:00+04:00 Dubai,14.625075340270996°C,52.81%
2023-06-24T17:30:00+04:00 Dubai,14.476034164428711°C,52.81%
2023-06-24T17:35:00+04:00 Dubai,14.476034164428711°C,52.81%
2023-06-24T17:40:00+04:00 Dubai,14.476034164428711°C,52.81%
2023-06-24T17:45:00+04:00 Dubai,14.476034164428711°C,51.77%
2023-06-24T17:50:00+04:00 Dubai,14.476034164428711°C,50.59%
2023-06-24T17:55:00+04:00 Dubai,14.326193809509277°C,49.28%
2023-06-24T18:00:00+04:00 Dubai,14.326193809509277°C,47.85%
2023-06-24T18:05:00+04:00 Dubai,14.326193809509277°C,47.85%
2023-06-24T18:10:00+04:00 Dubai,14.326193809509277°C,47.85%
2023-06-24T18:15:00+04:00 Dubai,14.326193809509277°C,47.85%
2023-06-24T18:20:00+04:00 Dubai,14.326193809509277°C,46.75%
2023-06-24T18:25:00+04:00 Dubai,14.326193809509277°C,45.62%
2023-06-24T18:30:00+04:00 Dubai,14.326193809509277°C,43.40%
2023-06-24T18:35:00+04:00 Dubai,14.475526809692383°C,44.81%
2023-06-24T18:40:00+04:00 Dubai,14.475526809692383°C,44.81%
2023-06-24T18:45:00+04:00 Dubai,14.475526809692383°C,44.81%
2023-06-24T18:50:00+04:00 Dubai,14.475526809692383°C,44.81%
2023-06-24T18:55:00+04:00 Dubai,14.475526809692383°C,43.76%
2023-06-24T19:00:00+04:00 Dubai,14.475526809692383°C,42.69%
2023-06-24T19:05:00+04:00 Dubai,14.174884796142578°C,38.52%
2023-06-24T19:10:00+04:00 Dubai,14.48273754119873°C,40.62%
2023-06-24T19:15:00+04:00 Dubai,14.631248474121094°C,40.62%
2023-06-24T19:20:00+04:00 Dubai,14.631248474121094°C,40.62%
2023-06-24T19:25:00+04:00 Dubai,14.631248474121094°C,40.62%
2023-06-24T19:30:00+04:00 Dubai,14.631248474121094°C,40.62%
2023-06-24T19:35:00+04:00 Dubai,14.631248474121094°C,40.62%
2023-06-24T19:40:00+04:00 Dubai,14.631248474121094°C,40.62%
2023-06-24T19:45:00+04:00 Dubai,14.631248474121094°C,40.62%
2023-06-24T19:50:00+04:00 Dubai,14.631248474121094°C,40.62%
2023-06-24T19:55:00+04:00 Dubai,14.631248474121094°C,40.62%
2023-06-24T20:00:00+04:00 Dubai,14.631248474121094°C,40.62%
2023-06-24T20:05:00+04:00 Dubai,14.631248474121094°C,40.62%
2023-06-24T20:10:00+04:00 Dubai,14.631248474121094°C,40.62%
2023-06-24T20:15:00+04:00 Dubai,14.631248474121094°C,40.62%
2023-06-24T20:20:00+04:00 Dubai,14.631248474121094°C,40.62%
2023-06-24T20:25:00+04:00 Dubai,14.78062629699707°C,40.62%
2023-06-24T20:30:00+04:00 Dubai,14.78062629699707°C,40.62%
2023-06-24T20:35:00+04:00 Dubai,14.78062629699707°C,40.62%
2023-06-24T20:40:00+04:00 Dubai,14.931103706359863°C,40.62%
2023-06-24T20:45:00+04:00 Dubai,14.931103706359863°C,40.62%
2023-06-24T20:50:00+04:00 Dubai,14.931103706359863°C,40.62%
2023-06-24T20:55:00+04:00 Dubai,14.931103706359863°C,40.62%
2023-06-24T21:00:00+04:00 Dubai,15.080207824707031°C,40.62%
2023-06-24T21:05:00+04:00 Dubai,15.080207824707031°C,40.62%
2023-06-24T21:10:00+04:00 Dubai,15.080207824707031°C,40.62%
2023-06-24T21:15:00+04:00 Dubai,15.080207824707031°C,40.62%
2023-06-24T21:20:00+04:00 Dubai,15.080207824707031°C,40.62%
2023-06-24T21:25:00+04:00 Dubai,15.080207824707031°C,40.62%
2023-06-24T21:30:00+04:00 Dubai,15.080207824707031°C,40.62%
2023-06-24T21:35:00+04:00 Dubai,15.080207824707031°C,40.62%
2023-06-24T21:40:00+04:00 Dubai,15.080207824707031°C,40.62%
2023-06-24T21:45:00+04:00 Dubai,15.080207824707031°C,40.62%
2023-06-24T21:50:00+04:00 Dubai,15.080207824707031°C,40.62%
2023-06-24T21:55:00+04:00 Dubai,15.080207824707031°C,40.62%
2023-06-24T22:00:00+04:00 Dubai,15.080207824707031°C,40.62%
2023-06-24T22:05:00+04:00 Dubai,15.080207824707031°C,40.62%
2023-06-24T22:10:00+04:00 Dubai,15.080207824707031°C,40.62%
2023-06-24T22:15:00+04:00 Dubai,15.080207824707031°C,40.62%
2023-06-24T22:20:00+04:00 Dubai,15.080207824707031°C,40.62%
2023-06-24T22:25:00+04:00 Dubai,15.080207824707031°C,40.62%
2023-06-24T22:30:00+04:00 Dubai,15.231741905212402°C,40.62%
2023-06-24T22:35:00+04:00 Dubai,15.231741905212402°C,40.62%
2023-06-24T22:40:00+04:00 Dubai,15.231741905212402°C,40.62%
2023-06-24T22:45:00+04:00 Dubai,15.231741905212402°C,40.62%
2023-06-24T22:50:00+04:00 Dubai,15.082489967346191°C,40.62%
2023-06-24T22:55:00+04:00 Dubai,15.082489967346191°C,40.62%
2023-06-24T23:00:00+04:00 Dubai,15.082489967346191°C,40.62%
2023-06-24T23:05:00+04:00 Dubai,15.082489967346191°C,40.62%
2023-06-24T23:10:00+04:00 Dubai,15.082489967346191°C,40.62%
2023-06-24T23:15:00+04:00 Dubai,15.082489967346191°C,40.62%
2023-06-24T23:20:00+04:00 Dubai,15.082489967346191°C,40.62%
2023-06-24T23:25:00+04:00 Dubai,15.082489967346191°C,40.62%
2023-06-24T23:30:00+04:00 Dubai,15.082489967346191°C,40.62%
2023-06-24T23:35:00+04:00 Dubai,14.933667182922363°C,40.62%
2023-06-24T23:40:00+04:00 Dubai,14.933667182922363°C,40.62%
2023-06-24T23:45:00+04:00 Dubai,14.933667182922363°C,40.62%
2023-06-24T23:50:00+04:00 Dubai,14.933667182922363°C,40.62%
2023-06-24T23:55:00+04:00 Dubai,14.933667182922363°C,40.62%
2023-06-25T00:00:00+04:00 Dubai,16.800926208496094°C,26.30%
2023-06-25T00:05:00+04:00 Dubai,17.25174331665039°C,27.60%
2023-06-25T00:10:00+04:00 Dubai,16.66943359375°C,19.81%
2023-06-25T00:15:00+04:00 Dubai,17.274507522583008°C,24.08%
2023-06-25T00:20:00+04:00 Dubai,17.575557708740234°C,26.42%
2023-06-25T00:25:00+04:00 Dubai,17.575557708740234°C,26.42%
2023-06-25T00:30:00+04:00 Dubai,17.575557708740234°C,26.42%
2023-06-25T00:35:00+04:00 Dubai,17.72479248046875°C,26.42%
2023-06-25T00:40:00+04:00 Dubai,17.72479248046875°C,26.42%
2023-06-25T00:45:00+04:00 Dubai,17.873666763305664°C,26.42%
2023-06-25T00:50:00+04:00 Dubai,17.873666763305664°C,26.42%
2023-06-25T00:55:00+04:00 Dubai,18.02318572998047°C,26.42%
2023-06-25T01:00:00+04:00 Dubai,18.02318572998047°C,26.42%
2023-06-25T01:05:00+04:00 Dubai,18.02318572998047°C,26.42%
2023-06-25T01:10:00+04:00 Dubai,18.173675537109375°C,26.42%
2023-06-25T01:15:00+04:00 Dubai,18.173675537109375°C,26.42%
2023-06-25T01:20:00+04:00 Dubai,18.323259353637695°C,26.42%
2023-06-25T01:25:00+04:00 Dubai,18.323259353637695°C,26.42%
2023-06-25T01:30:00+04:00 Dubai,18.323259353637695°C,26.42%
2023-06-25T01:35:00+04:00 Dubai,18.323259353637695°C,26.42%
2023-06-25T01:40:00+04:00 Dubai,18.323259353637695°C,26.42%
2023-06-25T01:45:00+04:00 Dubai,18.323259353637695°C,26.42%
2023-06-25T01:50:00+04:00 Dubai,18.323259353637695°C,26.42%
2023-06-25T01:55:00+04:00 Dubai,18.472660064697266°C,26.42%
2023-06-25T02:00:00+04:00 Dubai,18.472660064697266°C,26.42%
2023-06-25T02:05:00+04:00 Dubai,18.472660064697266°C,26.42%
2023-06-25T02:10:00+04:00 Dubai,18.472660064697266°C,27.52%
2023-06-25T02:15:00+04:00 Dubai,18.472660064697266°C,27.52%
2023-06-25T02:20:00+04:00 Dubai,18.472660064697266°C,27.52%
2023-06-25T02:25:00+04:00 Dubai,18.472660064697266°C,28.55%
2023-06-25T02:30:00+04:00 Dubai,18.472660064697266°C,28.55%
2023-06-25T02:35:00+04:00 Dubai,18.621187210083008°C,29.55%
2023-06-25T02:40:00+04:00 Dubai,18.621187210083008°C,30.59%
2023-06-25T02:45:00+04:00 Dubai,18.621187210083008°C,30.59%
2023-06-25T02:50:00+04:00 Dubai,18.16060447692871°C,30.47%
2023-06-25T02:55:00+04:00 Dubai,18.009004592895508°C,30.47%
2023-06-25T03:00:00+04:00 Dubai,17.85932159423828°C,30.47%
2023-06-25T03:05:00+04:00 Dubai,17.85932159423828°C,30.47%
2023-06-25T03:10:00+04:00 Dubai,17.85932159423828°C,30.47%
2023-06-25T03:15:00+04:00 Dubai,17.85932159423828°C,30.47%
2023-06-25T03:20:00+04:00 Dubai,17.85932159423828°C,30.47%
2023-06-25T03:25:00+04:00 Dubai,17.85932159423828°C,30.47%
2023-06-25T03:30:00+04:00 Dubai,17.85932159423828°C,30.47%
2023-06-25T03:35:00+04:00 Dubai,17.710756301879883°C,30.47%
2023-06-25T03:40:00+04:00 Dubai,17.710756301879883°C,30.47%
2023-06-25T03:45:00+04:00 Dubai,17.710756301879883°C,30.47%
2023-06-25T03:50:00+04:00 Dubai,17.710756301879883°C,30.47%
2023-06-25T03:55:00+04:00 Dubai,17.710756301879883°C,30.47%
2023-06-25T04:00:00+04:00 Dubai,17.710756301879883°C,30.47%
2023-06-25T04:05:00+04:00 Dubai,17.710756301879883°C,30.47%
2023-06-25T04:10:00+04:00 Dubai,17.710756301879883°C,30.47%
2023-06-25T04:15:00+04:00 Dubai,17.710756301879883°C,30.47%
2023-06-25T04:20:00+04:00 Dubai,17.710756301879883°C,30.47%
2023-06-25T04:25:00+04:00 Dubai,17.710756301879883°C,30.47%
2023-06-25T04:30:00+04:00 Dubai,17.710756301879883°C,30.47%
2023-06-25T04:35:00+04:00 Dubai,17.710756301879883°C,30.47%
2023-06-25T04:40:00+04:00 Dubai,17.710756301879883°C,30.47%
2023-06-25T04:45:00+04:00 Dubai,17.710756301879883°C,30.47%
2023-06-25T04:50:00+04:00 Dubai,17.710756301879883°C,30.47%
2023-06-25T04:55:00+04:00 Dubai,17.710756301879883°C,30.47%
2023-06-25T05:00:00+04:00 Dubai,17.710756301879883°C,30.47%
2023-06-25T05:05:00+04:00 Dubai,17.710756301879883°C,30.47%
2023-06-25T05:10:00+04:00 Dubai,17.710756301879883°C,30.47%
2023-06-25T05:15:00+04:00 Dubai,17.710756301879883°C,30.47%
2023-06-25T05:20:00+04:00 Dubai,17.710756301879883°C,30.47%
2023-06-25T05:25:00+04:00 Dubai,17.710756301879883°C,30.47%
2023-06-25T05:30:00+04:00 Dubai,17.710756301879883°C,30.47%
2023-06-25T05:35:00+04:00 Dubai,17.710756301879883°C,30.47%
2023-06-25T05:40:00+04:00 Dubai,17.710756301879883°C,30.47%
2023-06-25T05:45:00+04:00 Dubai,17.710756301879883°C,30.47%
2023-06-25T05:50:00+04:00 Dubai,17.710756301879883°C,30.47%
2023-06-25T05:55:00+04:00 Dubai,17.710756301879883°C,30.47%
2023-06-25T06:00:00+04:00 Dubai,17.710756301879883°C,30.47%
2023-06-25T06:05:00+04:00 Dubai,16.165163040161133°C,43.97%
2023-06-25T06:10:00+04:00 Dubai,16.165163040161133°C,47.50%
2023-06-25T06:15:00+04:00 Dubai,16.165163040161133°C,50.05%
2023-06-25T06:20:00+04:00 Dubai,15.861250877380371°C,49.98%
2023-06-25T06:25:00+04:00 Dubai,15.71094036102295°C,48.98%
2023-06-25T06:30:00+04:00 Dubai,15.561548233032227°C,48.98%
2023-06-25T06:35:00+04:00 Dubai,15.41238021850586°C,48.98%
2023-06-25T06:40:00+04:00 Dubai,15.104283332824707°C,48.98%
2023-06-25T06:45:00+04:00 Dubai,14.955361366271973°C,48.98%
2023-06-25T06:50:00+04:00 Dubai,14.803905487060547°C,48.98%
2023-06-25T06:55:00+04:00 Dubai,14.654616355895996°C,48.98%
2023-06-25T07:00:00+04:00 Dubai,14.654616355895996°C,48.98%
2023-06-25T07:05:00+04:00 Dubai,15.118107795715332°C,48.98%
2023-06-25T07:10:00+04:00 Dubai,15.417380332946777°C,48.98%
2023-06-25T07:15:00+04:00 Dubai,15.417380332946777°C,48.98%
2023-06-25T07:20:00+04:00 Dubai,15.566655158996582°C,50.08%
2023-06-25T07:25:00+04:00 Dubai,15.718008995056152°C,52.31%
2023-06-25T07:30:00+04:00 Dubai,15.718008995056152°C,54.65%
2023-06-25T07:35:00+04:00 Dubai,15.718008995056152°C,54.65%
2023-06-25T07:40:00+04:00 Dubai,15.718008995056152°C,55.98%
2023-06-25T07:45:00+04:00 Dubai,15.718008995056152°C,58.44%
2023-06-25T07:50:00+04:00 Dubai,15.718008995056152°C,58.44%
2023-06-25T07:55:00+04:00 Dubai,15.718008995056152°C,59.63%
2023-06-25T08:00:00+04:00 Dubai,15.718008995056152°C,60.64%
2023-06-25T08:05:00+04:00 Dubai,15.718008995056152°C,61.67%
2023-06-25T08:10:00+04:00 Dubai,15.718008995056152°C,61.67%
2023-06-25T08:15:00+04:00 Dubai,15.718008995056152°C,62.97%
2023-06-25T08:20:00+04:00 Dubai,15.718008995056152°C,64.10%
2023-06-25T08:25:00+04:00 Dubai,15.718008995056152°C,65.23%
2023-06-25T08:30:00+04:00 Dubai,15.718008995056152°C,66.38%
2023-06-25T08:35:00+04:00 Dubai,15.718008995056152°C,67.58%
2023-06-25T08:40:00+04:00 Dubai,15.718008995056152°C,68.83%
2023-06-25T08:45:00+04:00 Dubai,15.718008995056152°C,71.20%
2023-06-25T08:50:00+04:00 Dubai,15.718008995056152°C,73.40%
2023-06-25T08:55:00+04:00 Dubai,15.86782455444336°C,75.57%
2023-06-25T09:00:00+04:00 Dubai,15.86782455444336°C,76.97%
2023-06-25T09:05:00+04:00 Dubai,15.86782455444336°C,79.56%
2023-06-25T09:10:00+04:00 Dubai,15.86782455444336°C,82.40%
2023-06-25T09:15:00+04:00 Dubai,15.86782455444336°C,85.15%
2023-06-25T09:20:00+04:00 Dubai,15.86782455444336°C,86.57%
2023-06-25T09:25:00+04:00 Dubai,15.86782455444336°C,88.95%
2023-06-25T09:30:00+04:00 Dubai,15.86782455444336°C,91.52%
2023-06-25T09:35:00+04:00 Dubai,15.86782455444336°C,93.99%
2023-06-25T09:40:00+04:00 Dubai,15.86782455444336°C,96.86%
2023-06-25T09:45:00+04:00 Dubai,15.86782455444336°C,98.30%
2023-06-25T09:50:00+04:00 Dubai,16.01636505126953°C,99.74%
2023-06-25T09:55:00+04:00 Dubai,16.01636505126953°C,99.74%
2023-06-25T10:00:00+04:00 Dubai,16.01636505126953°C,99.74%
2023-06-25T10:05:00+04:00 Dubai,14.890525817871094°C,99.74%
2023-06-25T10:10:00+04:00 Dubai,13.782551765441895°C,90.38%
2023-06-25T10:15:00+04:00 Dubai,13.63388442993164°C,84.07%
2023-06-25T10:20:00+04:00 Dubai,13.63388442993164°C,81.13%
2023-06-25T10:25:00+04:00 Dubai,13.63388442993164°C,78.18%
2023-06-25T10:30:00+04:00 Dubai,13.783548355102539°C,74.63%
2023-06-25T10:35:00+04:00 Dubai,13.783548355102539°C,72.24%
2023-06-25T10:40:00+04:00 Dubai,13.934080123901367°C,71.17%
2023-06-25T10:45:00+04:00 Dubai,14.085236549377441°C,69.85%
2023-06-25T10:50:00+04:00 Dubai,14.085236549377441°C,68.40%
2023-06-25T10:55:00+04:00 Dubai,14.085236549377441°C,68.40%
2023-06-25T11:00:00+04:00 Dubai,14.23511791229248°C,67.25%
2023-06-25T11:05:00+04:00 Dubai,14.383665084838867°C,67.25%
2023-06-25T11:10:00+04:00 Dubai,14.383665084838867°C,67.25%
2023-06-25T11:15:00+04:00 Dubai,14.383665084838867°C,67.25%
2023-06-25T11:20:00+04:00 Dubai,14.383665084838867°C,67.25%
2023-06-25T11:25:00+04:00 Dubai,14.383665084838867°C,66.21%
2023-06-25T11:30:00+04:00 Dubai,14.383665084838867°C,66.21%
2023-06-25T11:35:00+04:00 Dubai,14.383665084838867°C,65.07%
2023-06-25T11:40:00+04:00 Dubai,14.383665084838867°C,64.01%
2023-06-25T11:45:00+04:00 Dubai,14.383665084838867°C,64.01%
2023-06-25T11:50:00+04:00 Dubai,14.383665084838867°C,64.01%
2023-06-25T11:55:00+04:00 Dubai,14.383665084838867°C,64.01%
2023-06-25T12:00:00+04:00 Dubai,14.383665084838867°C,64.01%
2023-06-25T12:05:00+04:00 Dubai,14.383665084838867°C,62.63%
2023-06-25T12:10:00+04:00 Dubai,14.383665084838867°C,62.63%
2023-06-25T12:15:00+04:00 Dubai,14.383665084838867°C,61.55%
2023-06-25T12:20:00+04:00 Dubai,14.234516143798828°C,58.88%
2023-06-25T12:25:00+04:00 Dubai,14.234516143798828°C,56.31%
2023-06-25T12:30:00+04:00 Dubai,14.234516143798828°C,54.69%
2023-06-25T12:35:00+04:00 Dubai,14.234516143798828°C,54.69%
2023-06-25T12:40:00+04:00 Dubai,14.234516143798828°C,54.69%
2023-06-25T12:45:00+04:00 Dubai,14.234516143798828°C,53.67%
2023-06-25T12:50:00+04:00 Dubai,14.234516143798828°C,53.67%
2023-06-25T12:55:00+04:00 Dubai,14.234516143798828°C,51.53%
2023-06-25T13:00:00+04:00 Dubai,14.386774063110352°C,52.60%
2023-06-25T13:05:00+04:00 Dubai,14.535788536071777°C,52.60%
2023-06-25T13:10:00+04:00 Dubai,14.535788536071777°C,52.60%
2023-06-25T13:15:00+04:00 Dubai,14.535788536071777°C,52.60%
2023-06-25T13:20:00+04:00 Dubai,14.535788536071777°C,52.60%
2023-06-25T13:25:00+04:00 Dubai,14.535788536071777°C,52.60%
2023-06-25T13:30:00+04:00 Dubai,14.535788536071777°C,52.60%
2023-06-25T13:35:00+04:00 Dubai,14.535788536071777°C,52.60%
2023-06-25T13:40:00+04:00 Dubai,14.535788536071777°C,52.60%
2023-06-25T13:45:00+04:00 Dubai,14.535788536071777°C,52.60%
2023-06-25T13:50:00+04:00 Dubai,14.535788536071777°C,52.60%
2023-06-25T13:55:00+04:00 Dubai,14.685269355773926°C,52.60%
2023-06-25T14:00:00+04:00 Dubai,14.685269355773926°C,52.60%
2023-06-25T14:05:00+04:00 Dubai,14.685269355773926°C,52.60%
2023-06-25T14:10:00+04:00 Dubai,14.685269355773926°C,52.60%
2023-06-25T14:15:00+04:00 Dubai,14.685269355773926°C,52.60%
2023-06-25T14:20:00+04:00 Dubai,14.685269355773926°C,52.60%
2023-06-25T14:25:00+04:00 Dubai,14.685269355773926°C,52.60%
2023-06-25T14:30:00+04:00 Dubai,14.685269355773926°C,52.60%
2023-06-25T14:35:00+04:00 Dubai,14.685269355773926°C,52.60%
2023-06-25T14:40:00+04:00 Dubai,14.685269355773926°C,52.60%
2023-06-25T14:45:00+04:00 Dubai,14.685269355773926°C,52.60%
2023-06-25T14:50:00+04:00 Dubai,14.685269355773926°C,52.60%
2023-06-25T14:55:00+04:00 Dubai,14.685269355773926°C,52.60%
2023-06-25T15:00:00+04:00 Dubai,14.685269355773926°C,52.60%
2023-06-25T15:05:00+04:00 Dubai,14.685269355773926°C,52.60%
2023-06-25T15:10:00+04:00 Dubai,14.685269355773926°C,52.60%
2023-06-25T15:15:00+04:00 Dubai,14.685269355773926°C,52.60%
2023-06-25T15:20:00+04:00 Dubai,14.685269355773926°C,52.60%
2023-06-25T15:25:00+04:00 Dubai,14.685269355773926°C,52.60%
2023-06-25T15:30:00+04:00 Dubai,14.685269355773926°C,52.60%
2023-06-25T15:35:00+04:00 Dubai,14.685269355773926°C,52.60%
2023-06-25T15:40:00+04:00 Dubai,14.685269355773926°C,52.60%
2023-06-25T15:45:00+04:00 Dubai,14.685269355773926°C,52.60%
2023-06-25T15:50:00+04:00 Dubai,14.685269355773926°C,52.60%
2023-06-25T15:55:00+04:00 Dubai,14.685269355773926°C,52.60%
2023-06-25T16:00:00+04:00 Dubai,14.685269355773926°C,52.60%
2023-06-25T16:05:00+04:00 Dubai,14.685269355773926°C,52.60%
2023-06-25T16:10:00+04:00 Dubai,14.685269355773926°C,52.60%
2023-06-25T16:15:00+04:00 Dubai,14.685269355773926°C,52.60%
2023-06-25T16:20:00+04:00 Dubai,14.685269355773926°C,52.60%
2023-06-25T16:25:00+04:00 Dubai,14.536576271057129°C,52.60%
2023-06-25T16:30:00+04:00 Dubai,14.536576271057129°C,52.60%
2023-06-25T16:35:00+04:00 Dubai,14.536576271057129°C,52.60%
2023-06-25T16:40:00+04:00 Dubai,14.536576271057129°C,52.60%
2023-06-25T16:45:00+04:00 Dubai,14.536576271057129°C,52.60%
2023-06-25T16:50:00+04:00 Dubai,14.536576271057129°C,52.60%
2023-06-25T16:55:00+04:00 Dubai,14.536576271057129°C,52.60%
2023-06-25T17:00:00+04:00 Dubai,14.536576271057129°C,52.60%
2023-06-25T17:05:00+04:00 Dubai,14.536576271057129°C,52.60%
2023-06-25T17:10:00+04:00 Dubai,14.536576271057129°C,52.60%
2023-06-25T17:15:00+04:00 Dubai,14.536576271057129°C,52.60%
2023-06-25T17:20:00+04:00 Dubai,14.536576271057129°C,52.60%
2023-06-25T17:25:00+04:00 Dubai,14.536576271057129°C,52.60%
2023-06-25T17:30:00+04:00 Dubai,14.536576271057129°C,51.57%
2023-06-25T17:35:00+04:00 Dubai,14.386344909667969°C,50.16%
2023-06-25T17:40:00+04:00 Dubai,14.386344909667969°C,50.16%
2023-06-25T17:45:00+04:00 Dubai,14.386344909667969°C,47.99%
2023-06-25T17:50:00+04:00 Dubai,14.386344909667969°C,47.99%
2023-06-25T17:55:00+04:00 Dubai,14.386344909667969°C,47.99%
2023-06-25T18:00:00+04:00 Dubai,14.386344909667969°C,47.99%
2023-06-25T18:05:00+04:00 Dubai,14.386344909667969°C,47.99%
2023-06-25T18:10:00+04:00 Dubai,14.386344909667969°C,47.99%
2023-06-25T18:15:00+04:00 Dubai,14.386344909667969°C,46.93%
2023-06-25T18:20:00+04:00 Dubai,14.386344909667969°C,45.55%
2023-06-25T18:25:00+04:00 Dubai,14.386344909667969°C,44.34%
2023-06-25T18:30:00+04:00 Dubai,14.386344909667969°C,43.19%
2023-06-25T18:35:00+04:00 Dubai,14.386344909667969°C,44.36%
2023-06-25T18:40:00+04:00 Dubai,14.386344909667969°C,44.36%
2023-06-25T18:45:00+04:00 Dubai,14.386344909667969°C,44.36%
2023-06-25T18:50:00+04:00 Dubai,14.386344909667969°C,44.36%
2023-06-25T18:55:00+04:00 Dubai,14.386344909667969°C,44.36%
2023-06-25T19:00:00+04:00 Dubai,14.386344909667969°C,43.29%
2023-06-25T19:05:00+04:00 Dubai,14.23210334777832°C,39.55%
2023-06-25T19:10:00+04:00 Dubai,14.23210334777832°C,39.55%
2023-06-25T19:15:00+04:00 Dubai,14.23210334777832°C,39.55%
2023-06-25T19:20:00+04:00 Dubai,14.382194519042969°C,39.55%
2023-06-25T19:25:00+04:00 Dubai,14.535850524902344°C,39.55%
2023-06-25T19:30:00+04:00 Dubai,14.834067344665527°C,39.55%
2023-06-25T19:35:00+04:00 Dubai,14.834067344665527°C,39.55%
2023-06-25T19:40:00+04:00 Dubai,14.834067344665527°C,39.55%
2023-06-25T19:45:00+04:00 Dubai,14.834067344665527°C,39.55%
2023-06-25T19:50:00+04:00 Dubai,14.834067344665527°C,39.55%
2023-06-25T19:55:00+04:00 Dubai,14.834067344665527°C,39.55%
2023-06-25T20:00:00+04:00 Dubai,14.834067344665527°C,39.55%
2023-06-25T20:05:00+04:00 Dubai,14.834067344665527°C,39.55%
2023-06-25T20:10:00+04:00 Dubai,14.834067344665527°C,39.55%
2023-06-25T20:15:00+04:00 Dubai,14.834067344665527°C,39.55%
2023-06-25T20:20:00+04:00 Dubai,14.834067344665527°C,39.55%
2023-06-25T20:25:00+04:00 Dubai,14.834067344665527°C,39.55%
2023-06-25T20:30:00+04:00 Dubai,14.834067344665527°C,39.55%
2023-06-25T20:35:00+04:00 Dubai,14.834067344665527°C,39.55%
2023-06-25T20:40:00+04:00 Dubai,14.684992790222168°C,39.55%
2023-06-25T20:45:00+04:00 Dubai,14.684992790222168°C,39.55%
2023-06-25T20:50:00+04:00 Dubai,14.684992790222168°C,39.55%
2023-06-25T20:55:00+04:00 Dubai,14.684992790222168°C,39.55%
2023-06-25T21:00:00+04:00 Dubai,14.684992790222168°C,39.55%
2023-06-25T21:05:00+04:00 Dubai,14.684992790222168°C,39.55%
2023-06-25T21:10:00+04:00 Dubai,14.684992790222168°C,39.55%
2023-06-25T21:15:00+04:00 Dubai,14.684992790222168°C,39.55%
2023-06-25T21:20:00+04:00 Dubai,14.536105155944824°C,39.55%
2023-06-25T21:25:00+04:00 Dubai,14.536105155944824°C,39.55%
2023-06-25T21:30:00+04:00 Dubai,14.536105155944824°C,39.55%
2023-06-25T21:35:00+04:00 Dubai,14.536105155944824°C,39.55%
2023-06-25T21:40:00+04:00 Dubai,14.687251091003418°C,38.52%
2023-06-25T21:45:00+04:00 Dubai,14.835958480834961°C,38.52%
2023-06-25T21:50:00+04:00 Dubai,14.835958480834961°C,38.52%
2023-06-25T21:55:00+04:00 Dubai,14.984477996826172°C,38.52%
2023-06-25T22:00:00+04:00 Dubai,14.984477996826172°C,38.52%
2023-06-25T22:05:00+04:00 Dubai,14.984477996826172°C,38.52%
2023-06-25T22:10:00+04:00 Dubai,14.984477996826172°C,38.52%
2023-06-25T22:15:00+04:00 Dubai,14.984477996826172°C,38.52%
2023-06-25T22:20:00+04:00 Dubai,14.984477996826172°C,38.52%
2023-06-25T22:25:00+04:00 Dubai,14.984477996826172°C,38.52%
2023-06-25T22:30:00+04:00 Dubai,14.984477996826172°C,38.52%
2023-06-25T22:35:00+04:00 Dubai,14.984477996826172°C,38.52%
2023-06-25T22:40:00+04:00 Dubai,14.984477996826172°C,38.52%
2023-06-25T22:45:00+04:00 Dubai,14.984477996826172°C,38.52%
2023-06-25T22:50:00+04:00 Dubai,14.984477996826172°C,38.52%
2023-06-25T22:55:00+04:00 Dubai,14.984477996826172°C,38.52%
2023-06-25T23:00:00+04:00 Dubai,15.132994651794434°C,38.52%
2023-06-25T23:05:00+04:00 Dubai,15.132994651794434°C,38.52%
2023-06-25T23:10:00+04:00 Dubai,15.132994651794434°C,38.52%
2023-06-25T23:15:00+04:00 Dubai,15.132994651794434°C,38.52%
2023-06-25T23:20:00+04:00 Dubai,15.132994651794434°C,38.52%
2023-06-25T23:25:00+04:00 Dubai,15.132994651794434°C,38.52%
2023-06-25T23:30:00+04:00 Dubai,15.132994651794434°C,38.52%
2023-06-25T23:35:00+04:00 Dubai,15.132994651794434°C,38.52%
2023-06-25T23:40:00+04:00 Dubai,15.132994651794434°C,38.52%
2023-06-25T23:45:00+04:00 Dubai,15.132994651794434°C,38.52%
2023-06-25T23:50:00+04:00 Dubai,15.132994651794434°C,38.52%
2023-06-25T23:55:00+04:00 Dubai,15.132994651794434°C,38.52%
2023-06-26T00:00:00+04:00 Dubai,16.971330642700195°C,26.76%
2023-06-26T00:05:00+04:00 Dubai,17.273954391479492°C,28.87%
2023-06-26T00:10:00+04:00 Dubai,16.90447235107422°C,22.54%
2023-06-26T00:15:00+04:00 Dubai,17.370046615600586°C,27.02%
2023-06-26T00:20:00+04:00 Dubai,17.522085189819336°C,28.08%
2023-06-26T00:25:00+04:00 Dubai,17.670743942260742°C,28.08%
2023-06-26T00:30:00+04:00 Dubai,17.82000732421875°C,28.08%
2023-06-26T00:35:00+04:00 Dubai,17.96908950805664°C,28.08%
2023-06-26T00:40:00+04:00 Dubai,18.11882209777832°C,28.08%
2023-06-26T00:45:00+04:00 Dubai,18.11882209777832°C,28.08%
2023-06-26T00:50:00+04:00 Dubai,18.2678165435791°C,28.08%
2023-06-26T00:55:00+04:00 Dubai,18.2678165435791°C,28.08%
2023-06-26T01:00:00+04:00 Dubai,18.417062759399414°C,28.08%
2023-06-26T01:05:00+04:00 Dubai,18.417062759399414°C,28.08%
2023-06-26T01:10:00+04:00 Dubai,18.56627082824707°C,28.08%
2023-06-26T01:15:00+04:00 Dubai,18.56627082824707°C,29.13%
2023-06-26T01:20:00+04:00 Dubai,18.56627082824707°C,30.25%
2023-06-26T01:25:00+04:00 Dubai,18.56627082824707°C,31.26%
2023-06-26T01:30:00+04:00 Dubai,18.258344650268555°C,30.23%
2023-06-26T01:35:00+04:00 Dubai,18.10927963256836°C,30.23%
2023-06-26T01:40:00+04:00 Dubai,18.10927963256836°C,30.23%
2023-06-26T01:45:00+04:00 Dubai,18.10927963256836°C,30.23%
2023-06-26T01:50:00+04:00 Dubai,18.10927963256836°C,30.23%
2023-06-26T01:55:00+04:00 Dubai,17.959138870239258°C,30.23%
2023-06-26T02:00:00+04:00 Dubai,17.959138870239258°C,30.23%
2023-06-26T02:05:00+04:00 Dubai,17.959138870239258°C,30.23%
2023-06-26T02:10:00+04:00 Dubai,17.959138870239258°C,30.23%
2023-06-26T02:15:00+04:00 Dubai,17.959138870239258°C,30.23%
2023-06-26T02:20:00+04:00 Dubai,17.959138870239258°C,30.23%
2023-06-26T02:25:00+04:00 Dubai,17.959138870239258°C,30.23%
2023-06-26T02:30:00+04:00 Dubai,17.959138870239258°C,30.23%
2023-06-26T02:35:00+04:00 Dubai,17.959138870239258°C,30.23%
2023-06-26T02:40:00+04:00 Dubai,17.959138870239258°C,30.23%
2023-06-26T02:45:00+04:00 Dubai,17.959138870239258°C,30.23%
2023-06-26T02:50:00+04:00 Dubai,17.959138870239258°C,30.23%
2023-06-26T02:55:00+04:00 Dubai,17.959138870239258°C,30.23%
2023-06-26T03:00:00+04:00 Dubai,17.959138870239258°C,30.23%
2023-06-26T03:05:00+04:00 Dubai,17.959138870239258°C,30.23%
2023-06-26T03:10:00+04:00 Dubai,17.959138870239258°C,30.23%
2023-06-26T03:15:00+04:00 Dubai,17.959138870239258°C,30.23%
2023-06-26T03:20:00+04:00 Dubai,17.959138870239258°C,30.23%
2023-06-26T03:25:00+04:00 Dubai,17.959138870239258°C,30.23%
2023-06-26T03:30:00+04:00 Dubai,17.959138870239258°C,30.23%
2023-06-26T03:35:00+04:00 Dubai,17.959138870239258°C,30.23%
2023-06-26T03:40:00+04:00 Dubai,17.959138870239258°C,30.23%
2023-06-26T03:45:00+04:00 Dubai,17.959138870239258°C,30.23%
2023-06-26T03:50:00+04:00 Dubai,17.959138870239258°C,30.23%
2023-06-26T03:55:00+04:00 Dubai,17.959138870239258°C,30.23%
2023-06-26T04:00:00+04:00 Dubai,17.959138870239258°C,30.23%
2023-06-26T04:05:00+04:00 Dubai,17.959138870239258°C,30.23%
2023-06-26T04:10:00+04:00 Dubai,17.959138870239258°C,30.23%
2023-06-26T04:15:00+04:00 Dubai,17.959138870239258°C,30.23%
2023-06-26T04:20:00+04:00 Dubai,17.959138870239258°C,30.23%
2023-06-26T04:25:00+04:00 Dubai,17.959138870239258°C,30.23%
2023-06-26T04:30:00+04:00 Dubai,17.959138870239258°C,30.23%
2023-06-26T04:35:00+04:00 Dubai,17.959138870239258°C,30.23%
2023-06-26T04:40:00+04:00 Dubai,17.959138870239258°C,30.23%
2023-06-26T04:45:00+04:00 Dubai,17.959138870239258°C,30.23%
2023-06-26T04:50:00+04:00 Dubai,17.959138870239258°C,30.23%
2023-06-26T04:55:00+04:00 Dubai,17.959138870239258°C,30.23%
2023-06-26T05:00:00+04:00 Dubai,17.959138870239258°C,30.23%
2023-06-26T05:05:00+04:00 Dubai,17.959138870239258°C,30.23%
2023-06-26T05:10:00+04:00 Dubai,17.959138870239258°C,30.23%
2023-06-26T05:15:00+04:00 Dubai,17.959138870239258°C,30.23%
2023-06-26T05:20:00+04:00 Dubai,17.959138870239258°C,30.23%
2023-06-26T05:25:00+04:00 Dubai,17.959138870239258°C,30.23%
2023-06-26T05:30:00+04:00 Dubai,17.959138870239258°C,30.23%
2023-06-26T05:35:00+04:00 Dubai,17.959138870239258°C,30.23%
2023-06-26T05:40:00+04:00 Dubai,17.959138870239258°C,30.23%
2023-06-26T05:45:00+04:00 Dubai,17.959138870239258°C,30.23%
2023-06-26T05:50:00+04:00 Dubai,17.959138870239258°C,30.23%
2023-06-26T05:55:00+04:00 Dubai,17.959138870239258°C,30.23%
2023-06-26T06:00:00+04:00 Dubai,17.959138870239258°C,30.23%
2023-06-26T06:05:00+04:00 Dubai,16.17934799194336°C,42.77%
2023-06-26T06:10:00+04:00 Dubai,16.03011131286621°C,42.77%
2023-06-26T06:15:00+04:00 Dubai,15.878588676452637°C,42.77%
2023-06-26T06:20:00+04:00 Dubai,15.728094100952148°C,42.77%
2023-06-26T06:25:00+04:00 Dubai,15.57862663269043°C,42.77%
2023-06-26T06:30:00+04:00 Dubai,15.42951488494873°C,42.77%
2023-06-26T06:35:00+04:00 Dubai,15.279817581176758°C,42.77%
2023-06-26T06:40:00+04:00 Dubai,15.279817581176758°C,42.77%
2023-06-26T06:45:00+04:00 Dubai,15.279817581176758°C,42.77%
2023-06-26T06:50:00+04:00 Dubai,15.13114070892334°C,42.77%
2023-06-26T06:55:00+04:00 Dubai,15.13114070892334°C,42.77%
2023-06-26T07:00:00+04:00 Dubai,15.13114070892334°C,42.77%
2023-06-26T07:05:00+04:00 Dubai,16.096025466918945°C,46.62%
2023-06-26T07:10:00+04:00 Dubai,16.247751235961914°C,52.78%
2023-06-26T07:15:00+04:00 Dubai,16.247751235961914°C,55.66%
2023-06-26T07:20:00+04:00 Dubai,16.098127365112305°C,56.80%
2023-06-26T07:25:00+04:00 Dubai,16.098127365112305°C,59.54%
2023-06-26T07:30:00+04:00 Dubai,15.948156356811523°C,60.73%
2023-06-26T07:35:00+04:00 Dubai,15.948156356811523°C,63.11%
2023-06-26T07:40:00+04:00 Dubai,15.948156356811523°C,64.17%
2023-06-26T07:45:00+04:00 Dubai,15.948156356811523°C,66.68%
2023-06-26T07:50:00+04:00 Dubai,15.948156356811523°C,68.82%
2023-06-26T07:55:00+04:00 Dubai,15.948156356811523°C,70.09%
2023-06-26T08:00:00+04:00 Dubai,15.948156356811523°C,72.22%
2023-06-26T08:05:00+04:00 Dubai,15.948156356811523°C,73.68%
2023-06-26T08:10:00+04:00 Dubai,15.948156356811523°C,75.75%
2023-06-26T08:15:00+04:00 Dubai,15.948156356811523°C,77.35%
2023-06-26T08:20:00+04:00 Dubai,15.948156356811523°C,80.37%
2023-06-26T08:25:00+04:00 Dubai,15.948156356811523°C,81.53%
2023-06-26T08:30:00+04:00 Dubai,15.948156356811523°C,84.11%
2023-06-26T08:35:00+04:00 Dubai,15.948156356811523°C,86.64%
2023-06-26T08:40:00+04:00 Dubai,15.948156356811523°C,87.85%
2023-06-26T08:45:00+04:00 Dubai,15.948156356811523°C,90.25%
2023-06-26T08:50:00+04:00 Dubai,15.948156356811523°C,92.79%
2023-06-26T08:55:00+04:00 Dubai,15.948156356811523°C,94.04%
2023-06-26T09:00:00+04:00 Dubai,15.948156356811523°C,98.10%
2023-06-26T09:05:00+04:00 Dubai,15.948156356811523°C,99.46%
2023-06-26T09:10:00+04:00 Dubai,14.710334777832031°C,96.27%
2023-06-26T09:15:00+04:00 Dubai,13.599288940429688°C,85.19%
2023-06-26T09:20:00+04:00 Dubai,13.450507164001465°C,79.25%
2023-06-26T09:25:00+04:00 Dubai,13.450507164001465°C,75.01%
2023-06-26T09:30:00+04:00 Dubai,13.600279808044434°C,71.97%
2023-06-26T09:35:00+04:00 Dubai,13.600279808044434°C,69.24%
2023-06-26T09:40:00+04:00 Dubai,13.748876571655273°C,65.98%
2023-06-26T09:45:00+04:00 Dubai,13.748876571655273°C,63.23%
2023-06-26T09:50:00+04:00 Dubai,13.898694038391113°C,61.07%
2023-06-26T09:55:00+04:00 Dubai,14.047880172729492°C,58.74%
2023-06-26T10:00:00+04:00 Dubai,14.047880172729492°C,58.74%
2023-06-26T10:05:00+04:00 Dubai,14.047880172729492°C,56.56%
2023-06-26T10:10:00+04:00 Dubai,14.200533866882324°C,56.56%
2023-06-26T10:15:00+04:00 Dubai,14.349039077758789°C,56.56%
2023-06-26T10:20:00+04:00 Dubai,14.349039077758789°C,56.56%
2023-06-26T10:25:00+04:00 Dubai,14.349039077758789°C,56.56%
2023-06-26T10:30:00+04:00 Dubai,14.50067138671875°C,56.56%
2023-06-26T10:35:00+04:00 Dubai,14.50067138671875°C,56.56%
2023-06-26T10:40:00+04:00 Dubai,14.50067138671875°C,56.56%
2023-06-26T10:45:00+04:00 Dubai,14.50067138671875°C,56.56%
2023-06-26T10:50:00+04:00 Dubai,14.649322509765625°C,56.56%
2023-06-26T10:55:00+04:00 Dubai,14.649322509765625°C,56.56%
2023-06-26T11:00:00+04:00 Dubai,14.649322509765625°C,56.56%
2023-06-26T11:05:00+04:00 Dubai,14.79969596862793°C,56.56%
2023-06-26T11:10:00+04:00 Dubai,14.79969596862793°C,56.56%
2023-06-26T11:15:00+04:00 Dubai,14.79969596862793°C,56.56%
2023-06-26T11:20:00+04:00 Dubai,14.79969596862793°C,56.56%
2023-06-26T11:25:00+04:00 Dubai,14.79969596862793°C,56.56%
2023-06-26T11:30:00+04:00 Dubai,14.948461532592773°C,56.56%
2023-06-26T11:35:00+04:00 Dubai,14.948461532592773°C,56.56%
2023-06-26T11:40:00+04:00 Dubai,14.948461532592773°C,56.56%
2023-06-26T11:45:00+04:00 Dubai,14.948461532592773°C,56.56%
2023-06-26T11:50:00+04:00 Dubai,14.948461532592773°C,56.56%
2023-06-26T11:55:00+04:00 Dubai,14.948461532592773°C,56.56%
2023-06-26T12:00:00+04:00 Dubai,14.948461532592773°C,56.56%
2023-06-26T12:05:00+04:00 Dubai,14.948461532592773°C,56.56%
2023-06-26T12:10:00+04:00 Dubai,14.948461532592773°C,56.56%
2023-06-26T12:15:00+04:00 Dubai,15.097824096679688°C,56.56%
2023-06-26T12:20:00+04:00 Dubai,15.097824096679688°C,56.56%
2023-06-26T12:25:00+04:00 Dubai,15.097824096679688°C,56.56%
2023-06-26T12:30:00+04:00 Dubai,15.097824096679688°C,56.56%
2023-06-26T12:35:00+04:00 Dubai,15.097824096679688°C,56.56%
2023-06-26T12:40:00+04:00 Dubai,15.097824096679688°C,56.56%
2023-06-26T12:45:00+04:00 Dubai,15.097824096679688°C,56.56%
2023-06-26T12:50:00+04:00 Dubai,15.097824096679688°C,56.56%
2023-06-26T12:55:00+04:00 Dubai,15.247162818908691°C,56.56%
2023-06-26T13:00:00+04:00 Dubai,15.247162818908691°C,56.56%
2023-06-26T13:05:00+04:00 Dubai,15.095276832580566°C,56.56%
2023-06-26T13:10:00+04:00 Dubai,15.095276832580566°C,56.56%
2023-06-26T13:15:00+04:00 Dubai,15.095276832580566°C,56.56%
2023-06-26T13:20:00+04:00 Dubai,15.24437427520752°C,56.56%
2023-06-26T13:25:00+04:00 Dubai,15.24437427520752°C,56.56%
2023-06-26T13:30:00+04:00 Dubai,15.24437427520752°C,56.56%
2023-06-26T13:35:00+04:00 Dubai,15.24437427520752°C,56.56%
2023-06-26T13:40:00+04:00 Dubai,15.24437427520752°C,56.56%
2023-06-26T13:45:00+04:00 Dubai,15.24437427520752°C,56.56%
2023-06-26T13:50:00+04:00 Dubai,15.24437427520752°C,56.56%
2023-06-26T13:55:00+04:00 Dubai,15.24437427520752°C,56.56%
2023-06-26T14:00:00+04:00 Dubai,15.24437427520752°C,56.56%
2023-06-26T14:05:00+04:00 Dubai,15.24437427520752°C,56.56%
2023-06-26T14:10:00+04:00 Dubai,15.24437427520752°C,56.56%
2023-06-26T14:15:00+04:00 Dubai,15.24437427520752°C,56.56%
2023-06-26T14:20:00+04:00 Dubai,15.24437427520752°C,56.56%
2023-06-26T14:25:00+04:00 Dubai,15.24437427520752°C,56.56%
2023-06-26T14:30:00+04:00 Dubai,15.24437427520752°C,56.56%
2023-06-26T14:35:00+04:00 Dubai,15.24437427520752°C,56.56%
2023-06-26T14:40:00+04:00 Dubai,15.24437427520752°C,56.56%
2023-06-26T14:45:00+04:00 Dubai,15.24437427520752°C,56.56%
2023-06-26T14:50:00+04:00 Dubai,15.24437427520752°C,56.56%
2023-06-26T14:55:00+04:00 Dubai,15.094131469726562°C,56.56%
2023-06-26T15:00:00+04:00 Dubai,15.094131469726562°C,56.56%
2023-06-26T15:05:00+04:00 Dubai,15.094131469726562°C,56.56%
2023-06-26T15:10:00+04:00 Dubai,15.094131469726562°C,56.56%
2023-06-26T15:15:00+04:00 Dubai,15.094131469726562°C,56.56%
2023-06-26T15:20:00+04:00 Dubai,15.094131469726562°C,56.56%
2023-06-26T15:25:00+04:00 Dubai,15.094131469726562°C,56.56%
2023-06-26T15:30:00+04:00 Dubai,15.094131469726562°C,56.56%
2023-06-26T15:35:00+04:00 Dubai,15.094131469726562°C,56.56%
2023-06-26T15:40:00+04:00 Dubai,15.094131469726562°C,56.56%
2023-06-26T15:45:00+04:00 Dubai,15.094131469726562°C,56.56%
2023-06-26T15:50:00+04:00 Dubai,15.094131469726562°C,56.56%
2023-06-26T15:55:00+04:00 Dubai,15.094131469726562°C,56.56%
2023-06-26T16:00:00+04:00 Dubai,15.094131469726562°C,56.56%
2023-06-26T16:05:00+04:00 Dubai,15.094131469726562°C,56.56%
2023-06-26T16:10:00+04:00 Dubai,14.945301055908203°C,56.56%
2023-06-26T16:15:00+04:00 Dubai,14.945301055908203°C,56.56%
2023-06-26T16:20:00+04:00 Dubai,14.945301055908203°C,56.56%
2023-06-26T16:25:00+04:00 Dubai,14.945301055908203°C,56.56%
2023-06-26T16:30:00+04:00 Dubai,14.945301055908203°C,56.56%
2023-06-26T16:35:00+04:00 Dubai,14.945301055908203°C,56.56%
2023-06-26T16:40:00+04:00 Dubai,14.945301055908203°C,56.56%
2023-06-26T16:45:00+04:00 Dubai,14.945301055908203°C,56.56%
2023-06-26T16:50:00+04:00 Dubai,14.795561790466309°C,56.56%
2023-06-26T16:55:00+04:00 Dubai,14.795561790466309°C,56.56%
2023-06-26T17:00:00+04:00 Dubai,14.795561790466309°C,56.56%
2023-06-26T17:05:00+04:00 Dubai,14.795561790466309°C,56.56%
2023-06-26T17:10:00+04:00 Dubai,14.795561790466309°C,56.56%
2023-06-26T17:15:00+04:00 Dubai,14.645425796508789°C,56.56%
2023-06-26T17:20:00+04:00 Dubai,14.645425796508789°C,56.56%
2023-06-26T17:25:00+04:00 Dubai,14.645425796508789°C,56.56%
2023-06-26T17:30:00+04:00 Dubai,14.645425796508789°C,56.56%
2023-06-26T17:35:00+04:00 Dubai,14.645425796508789°C,56.56%
2023-06-26T17:40:00+04:00 Dubai,14.645425796508789°C,56.56%
2023-06-26T17:45:00+04:00 Dubai,14.645425796508789°C,56.56%
2023-06-26T17:50:00+04:00 Dubai,14.645425796508789°C,56.56%
2023-06-26T17:55:00+04:00 Dubai,14.495756149291992°C,56.56%
2023-06-26T18:00:00+04:00 Dubai,14.495756149291992°C,56.56%
2023-06-26T18:05:00+04:00 Dubai,14.346555709838867°C,55.18%
2023-06-26T18:10:00+04:00 Dubai,14.346555709838867°C,52.62%
2023-06-26T18:15:00+04:00 Dubai,14.346555709838867°C,51.57%
2023-06-26T18:20:00+04:00 Dubai,14.346555709838867°C,51.57%
2023-06-26T18:25:00+04:00 Dubai,14.346555709838867°C,51.57%
2023-06-26T18:30:00+04:00 Dubai,14.346555709838867°C,50.15%
2023-06-26T18:35:00+04:00 Dubai,14.346555709838867°C,49.10%
2023-06-26T18:40:00+04:00 Dubai,14.346555709838867°C,48.11%
2023-06-26T18:45:00+04:00 Dubai,14.346555709838867°C,48.11%
2023-06-26T18:50:00+04:00 Dubai,14.346555709838867°C,48.11%
2023-06-26T18:55:00+04:00 Dubai,14.346555709838867°C,48.11%
2023-06-26T19:00:00+04:00 Dubai,14.346555709838867°C,48.11%
2023-06-26T19:05:00+04:00 Dubai,14.19706916809082°C,43.42%
2023-06-26T19:10:00+04:00 Dubai,14.345930099487305°C,43.42%
2023-06-26T19:15:00+04:00 Dubai,14.345930099487305°C,43.42%
2023-06-26T19:20:00+04:00 Dubai,14.345930099487305°C,43.42%
2023-06-26T19:25:00+04:00 Dubai,14.345930099487305°C,43.42%
2023-06-26T19:30:00+04:00 Dubai,14.345930099487305°C,42.33%
2023-06-26T19:35:00+04:00 Dubai,14.345930099487305°C,41.11%
2023-06-26T19:40:00+04:00 Dubai,14.345930099487305°C,40.08%
2023-06-26T19:45:00+04:00 Dubai,14.345930099487305°C,39.08%
2023-06-26T19:50:00+04:00 Dubai,14.652152061462402°C,40.50%
2023-06-26T19:55:00+04:00 Dubai,14.801435470581055°C,40.50%
2023-06-26T20:00:00+04:00 Dubai,14.801435470581055°C,40.50%
2023-06-26T20:05:00+04:00 Dubai,14.950151443481445°C,40.50%
2023-06-26T20:10:00+04:00 Dubai,14.950151443481445°C,40.50%
2023-06-26T20:15:00+04:00 Dubai,14.950151443481445°C,40.50%
2023-06-26T20:20:00+04:00 Dubai,14.950151443481445°C,40.50%
2023-06-26T20:25:00+04:00 Dubai,14.950151443481445°C,40.50%
2023-06-26T20:30:00+04:00 Dubai,15.099957466125488°C,40.50%
2023-06-26T20:35:00+04:00 Dubai,15.099957466125488°C,40.50%
2023-06-26T20:40:00+04:00 Dubai,15.099957466125488°C,40.50%
2023-06-26T20:45:00+04:00 Dubai,15.099957466125488°C,40.50%
2023-06-26T20:50:00+04:00 Dubai,15.099957466125488°C,40.50%
2023-06-26T20:55:00+04:00 Dubai,15.099957466125488°C,40.50%
2023-06-26T21:00:00+04:00 Dubai,15.099957466125488°C,40.50%
2023-06-26T21:05:00+04:00 Dubai,15.099957466125488°C,40.50%
2023-06-26T21:10:00+04:00 Dubai,15.099957466125488°C,40.50%
2023-06-26T21:15:00+04:00 Dubai,15.099957466125488°C,40.50%
2023-06-26T21:20:00+04:00 Dubai,15.249467849731445°C,40.50%
2023-06-26T21:25:00+04:00 Dubai,15.249467849731445°C,40.50%
2023-06-26T21:30:00+04:00 Dubai,15.249467849731445°C,40.50%
2023-06-26T21:35:00+04:00 Dubai,15.249467849731445°C,40.50%
2023-06-26T21:40:00+04:00 Dubai,15.249467849731445°C,40.50%
2023-06-26T21:45:00+04:00 Dubai,15.249467849731445°C,40.50%
2023-06-26T21:50:00+04:00 Dubai,15.249467849731445°C,40.50%
2023-06-26T21:55:00+04:00 Dubai,15.249467849731445°C,40.50%
2023-06-26T22:00:00+04:00 Dubai,15.249467849731445°C,40.50%
2023-06-26T22:05:00+04:00 Dubai,15.249467849731445°C,40.50%
2023-06-26T22:10:00+04:00 Dubai,15.249467849731445°C,40.50%
2023-06-26T22:15:00+04:00 Dubai,15.249467849731445°C,40.50%
2023-06-26T22:20:00+04:00 Dubai,15.249467849731445°C,40.50%
2023-06-26T22:25:00+04:00 Dubai,15.249467849731445°C,40.50%
2023-06-26T22:30:00+04:00 Dubai,15.249467849731445°C,40.50%
2023-06-26T22:35:00+04:00 Dubai,15.249467849731445°C,40.50%
2023-06-26T22:40:00+04:00 Dubai,15.249467849731445°C,40.50%
2023-06-26T22:45:00+04:00 Dubai,15.249467849731445°C,40.50%
2023-06-26T22:50:00+04:00 Dubai,15.249467849731445°C,40.50%
2023-06-26T22:55:00+04:00 Dubai,15.249467849731445°C,40.50%
2023-06-26T23:00:00+04:00 Dubai,15.249467849731445°C,40.50%
2023-06-26T23:05:00+04:00 Dubai,15.249467849731445°C,40.50%
2023-06-26T23:10:00+04:00 Dubai,15.249467849731445°C,40.50%
2023-06-26T23:15:00+04:00 Dubai,15.249467849731445°C,40.50%
2023-06-26T23:20:00+04:00 Dubai,15.249467849731445°C,40.50%
2023-06-26T23:25:00+04:00 Dubai,15.249467849731445°C,40.50%
2023-06-26T23:30:00+04:00 Dubai,15.249467849731445°C,40.50%
2023-06-26T23:35:00+04:00 Dubai,15.249467849731445°C,40.50%
2023-06-26T23:40:00+04:00 Dubai,15.249467849731445°C,40.50%
2023-06-26T23:45:00+04:00 Dubai,15.249467849731445°C,40.50%
2023-06-26T23:50:00+04:00 Dubai,15.249467849731445°C,40.50%
2023-06-26T23:55:00+04:00 Dubai,15.249467849731445°C,40.50%
2023-06-27T00:00:00+04:00 Dubai,16.899580001831055°C,27.85%
2023-06-27T00:05:00+04:00 Dubai,17.198162078857422°C,30.04%
2023-06-27T00:10:00+04:00 Dubai,16.932659149169922°C,24.34%
2023-06-27T00:15:00+04:00 Dubai,17.2368106842041°C,27.34%
2023-06-27T00:20:00+04:00 Dubai,17.53687286376953°C,29.34%
2023-06-27T00:25:00+04:00 Dubai,17.53687286376953°C,29.34%
2023-06-27T00:30:00+04:00 Dubai,17.685993194580078°C,29.34%
2023-06-27T00:35:00+04:00 Dubai,17.685993194580078°C,29.34%
2023-06-27T00:40:00+04:00 Dubai,17.835800170898438°C,29.34%
2023-06-27T00:45:00+04:00 Dubai,17.835800170898438°C,29.34%
2023-06-27T00:50:00+04:00 Dubai,17.835800170898438°C,29.34%
2023-06-27T00:55:00+04:00 Dubai,17.984920501708984°C,29.34%
2023-06-27T01:00:00+04:00 Dubai,17.984920501708984°C,29.34%
2023-06-27T01:05:00+04:00 Dubai,18.135387420654297°C,29.34%
2023-06-27T01:10:00+04:00 Dubai,18.135387420654297°C,29.34%
2023-06-27T01:15:00+04:00 Dubai,18.135387420654297°C,29.34%
2023-06-27T01:20:00+04:00 Dubai,18.135387420654297°C,29.34%
2023-06-27T01:25:00+04:00 Dubai,18.28508949279785°C,29.34%
2023-06-27T01:30:00+04:00 Dubai,18.28508949279785°C,29.34%
2023-06-27T01:35:00+04:00 Dubai,18.28508949279785°C,29.34%
2023-06-27T01:40:00+04:00 Dubai,18.28508949279785°C,29.34%
2023-06-27T01:45:00+04:00 Dubai,18.28508949279785°C,29.34%
2023-06-27T01:50:00+04:00 Dubai,18.4349365234375°C,29.34%
2023-06-27T01:55:00+04:00 Dubai,18.4349365234375°C,29.34%
2023-06-27T02:00:00+04:00 Dubai,18.4349365234375°C,29.34%
2023-06-27T02:05:00+04:00 Dubai,18.4349365234375°C,29.34%
2023-06-27T02:10:00+04:00 Dubai,18.4349365234375°C,29.34%
2023-06-27T02:15:00+04:00 Dubai,18.4349365234375°C,29.34%
2023-06-27T02:20:00+04:00 Dubai,18.4349365234375°C,29.34%
2023-06-27T02:25:00+04:00 Dubai,18.4349365234375°C,29.34%
2023-06-27T02:30:00+04:00 Dubai,18.4349365234375°C,30.47%
2023-06-27T02:35:00+04:00 Dubai,18.4349365234375°C,30.47%
2023-06-27T02:40:00+04:00 Dubai,18.4349365234375°C,30.47%
2023-06-27T02:45:00+04:00 Dubai,18.4349365234375°C,31.52%
2023-06-27T02:50:00+04:00 Dubai,18.4349365234375°C,31.52%
2023-06-27T02:55:00+04:00 Dubai,18.4349365234375°C,32.57%
2023-06-27T03:00:00+04:00 Dubai,18.4349365234375°C,32.57%
2023-06-27T03:05:00+04:00 Dubai,18.4349365234375°C,32.57%
2023-06-27T03:10:00+04:00 Dubai,18.4349365234375°C,33.60%
2023-06-27T03:15:00+04:00 Dubai,18.4349365234375°C,33.60%
2023-06-27T03:20:00+04:00 Dubai,18.129690170288086°C,33.60%
2023-06-27T03:25:00+04:00 Dubai,17.980331420898438°C,33.60%
2023-06-27T03:30:00+04:00 Dubai,17.980331420898438°C,33.60%
2023-06-27T03:35:00+04:00 Dubai,17.980331420898438°C,33.60%
2023-06-27T03:40:00+04:00 Dubai,17.980331420898438°C,33.60%
2023-06-27T03:45:00+04:00 Dubai,17.83143424987793°C,33.60%
2023-06-27T03:50:00+04:00 Dubai,17.83143424987793°C,33.60%
2023-06-27T03:55:00+04:00 Dubai,17.83143424987793°C,33.60%
2023-06-27T04:00:00+04:00 Dubai,17.83143424987793°C,33.60%
2023-06-27T04:05:00+04:00 Dubai,17.83143424987793°C,33.60%
2023-06-27T04:10:00+04:00 Dubai,17.83143424987793°C,33.60%
2023-06-27T04:15:00+04:00 Dubai,17.83143424987793°C,33.60%
2023-06-27T04:20:00+04:00 Dubai,17.83143424987793°C,33.60%
2023-06-27T04:25:00+04:00 Dubai,17.682126998901367°C,33.60%
2023-06-27T04:30:00+04:00 Dubai,17.682126998901367°C,33.60%
2023-06-27T04:35:00+04:00 Dubai,17.682126998901367°C,33.60%
2023-06-27T04:40:00+04:00 Dubai,17.682126998901367°C,33.60%
2023-06-27T04:45:00+04:00 Dubai,17.682126998901367°C,33.60%
2023-06-27T04:50:00+04:00 Dubai,17.682126998901367°C,33.60%
2023-06-27T04:55:00+04:00 Dubai,17.682126998901367°C,33.60%
2023-06-27T05:00:00+04:00 Dubai,17.682126998901367°C,33.60%
2023-06-27T05:05:00+04:00 Dubai,17.682126998901367°C,33.60%
2023-06-27T05:10:00+04:00 Dubai,17.682126998901367°C,33.60%
2023-06-27T05:15:00+04:00 Dubai,17.682126998901367°C,33.60%
2023-06-27T05:20:00+04:00 Dubai,17.682126998901367°C,33.60%
2023-06-27T05:25:00+04:00 Dubai,17.682126998901367°C,33.60%
2023-06-27T05:30:00+04:00 Dubai,17.682126998901367°C,33.60%
2023-06-27T05:35:00+04:00 Dubai,17.682126998901367°C,33.60%
2023-06-27T05:40:00+04:00 Dubai,17.682126998901367°C,33.60%
2023-06-27T05:45:00+04:00 Dubai,17.682126998901367°C,33.60%
2023-06-27T05:50:00+04:00 Dubai,17.682126998901367°C,33.60%
2023-06-27T05:55:00+04:00 Dubai,17.682126998901367°C,33.60%
2023-06-27T06:00:00+04:00 Dubai,17.682126998901367°C,33.60%
2023-06-27T06:05:00+04:00 Dubai,16.006601333618164°C,43.56%
2023-06-27T06:10:00+04:00 Dubai,16.006601333618164°C,45.74%
2023-06-27T06:15:00+04:00 Dubai,15.857857704162598°C,45.74%
2023-06-27T06:20:00+04:00 Dubai,15.709207534790039°C,45.74%
2023-06-27T06:25:00+04:00 Dubai,15.56058120727539°C,45.74%
2023-06-27T06:30:00+04:00 Dubai,15.56058120727539°C,44.74%
2023-06-27T06:35:00+04:00 Dubai,15.410848617553711°C,44.74%
2023-06-27T06:40:00+04:00 Dubai,15.410848617553711°C,44.74%
2023-06-27T06:45:00+04:00 Dubai,15.410848617553711°C,44.74%
2023-06-27T06:50:00+04:00 Dubai,15.410848617553711°C,44.74%
2023-06-27T06:55:00+04:00 Dubai,15.410848617553711°C,44.74%
2023-06-27T07:00:00+04:00 Dubai,15.410848617553711°C,44.74%
2023-06-27T07:05:00+04:00 Dubai,16.22945785522461°C,53.91%
2023-06-27T07:10:00+04:00 Dubai,16.381053924560547°C,58.08%
2023-06-27T07:15:00+04:00 Dubai,16.381053924560547°C,62.31%
2023-06-27T07:20:00+04:00 Dubai,16.23076629638672°C,64.51%
2023-06-27T07:25:00+04:00 Dubai,16.23076629638672°C,69.99%
2023-06-27T07:30:00+04:00 Dubai,16.23076629638672°C,73.45%
2023-06-27T07:35:00+04:00 Dubai,16.37934684753418°C,78.65%
2023-06-27T07:40:00+04:00 Dubai,16.229496002197266°C,80.69%
2023-06-27T07:45:00+04:00 Dubai,16.229496002197266°C,83.16%
2023-06-27T07:50:00+04:00 Dubai,16.229496002197266°C,88.05%
2023-06-27T07:55:00+04:00 Dubai,16.079740524291992°C,89.32%
2023-06-27T08:00:00+04:00 Dubai,16.079740524291992°C,91.64%
2023-06-27T08:05:00+04:00 Dubai,16.079740524291992°C,94.17%
2023-06-27T08:10:00+04:00 Dubai,16.079740524291992°C,97.31%
2023-06-27T08:15:00+04:00 Dubai,14.791510581970215°C,93.59%
2023-06-27T08:20:00+04:00 Dubai,13.680659294128418°C,84.19%
2023-06-27T08:25:00+04:00 Dubai,13.530740737915039°C,77.04%
2023-06-27T08:30:00+04:00 Dubai,13.680482864379883°C,74.67%
2023-06-27T08:35:00+04:00 Dubai,13.680482864379883°C,70.61%
2023-06-27T08:40:00+04:00 Dubai,13.836084365844727°C,70.61%
2023-06-27T08:45:00+04:00 Dubai,13.687297821044922°C,64.02%
2023-06-27T08:50:00+04:00 Dubai,13.837458610534668°C,62.91%
2023-06-27T08:55:00+04:00 Dubai,13.988348007202148°C,61.77%
2023-06-27T09:00:00+04:00 Dubai,13.988348007202148°C,59.39%
2023-06-27T09:05:00+04:00 Dubai,13.988348007202148°C,56.97%
2023-06-27T09:10:00+04:00 Dubai,13.988348007202148°C,54.71%
2023-06-27T09:15:00+04:00 Dubai,14.141453742980957°C,53.36%
2023-06-27T09:20:00+04:00 Dubai,14.290999412536621°C,54.37%
2023-06-27T09:25:00+04:00 Dubai,14.290999412536621°C,54.37%
2023-06-27T09:30:00+04:00 Dubai,14.441444396972656°C,54.37%
2023-06-27T09:35:00+04:00 Dubai,14.441444396972656°C,54.37%
2023-06-27T09:40:00+04:00 Dubai,14.441444396972656°C,54.37%
2023-06-27T09:45:00+04:00 Dubai,14.441444396972656°C,54.37%
2023-06-27T09:50:00+04:00 Dubai,14.441444396972656°C,54.37%
2023-06-27T09:55:00+04:00 Dubai,14.590057373046875°C,54.37%
2023-06-27T10:00:00+04:00 Dubai,14.590057373046875°C,54.37%
2023-06-27T10:05:00+04:00 Dubai,14.590057373046875°C,54.37%
2023-06-27T10:10:00+04:00 Dubai,14.590057373046875°C,54.37%
2023-06-27T10:15:00+04:00 Dubai,14.590057373046875°C,54.37%
2023-06-27T10:20:00+04:00 Dubai,14.590057373046875°C,54.37%
2023-06-27T10:25:00+04:00 Dubai,14.590057373046875°C,54.37%
2023-06-27T10:30:00+04:00 Dubai,14.590057373046875°C,54.37%
2023-06-27T10:35:00+04:00 Dubai,14.590057373046875°C,54.37%
2023-06-27T10:40:00+04:00 Dubai,14.739148139953613°C,54.37%
2023-06-27T10:45:00+04:00 Dubai,14.739148139953613°C,54.37%
2023-06-27T10:50:00+04:00 Dubai,14.739148139953613°C,54.37%
2023-06-27T10:55:00+04:00 Dubai,14.739148139953613°C,54.37%
2023-06-27T11:00:00+04:00 Dubai,14.739148139953613°C,54.37%
2023-06-27T11:05:00+04:00 Dubai,14.739148139953613°C,54.37%
2023-06-27T11:10:00+04:00 Dubai,14.739148139953613°C,54.37%
2023-06-27T11:15:00+04:00 Dubai,14.887930870056152°C,54.37%
2023-06-27T11:20:00+04:00 Dubai,14.887930870056152°C,54.37%
2023-06-27T11:25:00+04:00 Dubai,14.887930870056152°C,54.37%
2023-06-27T11:30:00+04:00 Dubai,14.887930870056152°C,54.37%
2023-06-27T11:35:00+04:00 Dubai,14.887930870056152°C,54.37%
2023-06-27T11:40:00+04:00 Dubai,14.887930870056152°C,54.37%
2023-06-27T11:45:00+04:00 Dubai,14.887930870056152°C,54.37%
2023-06-27T11:50:00+04:00 Dubai,14.887930870056152°C,54.37%
2023-06-27T11:55:00+04:00 Dubai,14.887930870056152°C,54.37%
2023-06-27T12:00:00+04:00 Dubai,14.887930870056152°C,54.37%
2023-06-27T12:05:00+04:00 Dubai,14.887930870056152°C,54.37%
2023-06-27T12:10:00+04:00 Dubai,14.887930870056152°C,54.37%
2023-06-27T12:15:00+04:00 Dubai,14.887930870056152°C,54.37%
2023-06-27T12:20:00+04:00 Dubai,14.887930870056152°C,54.37%
2023-06-27T12:25:00+04:00 Dubai,14.887930870056152°C,54.37%
2023-06-27T12:30:00+04:00 Dubai,14.887930870056152°C,54.37%
2023-06-27T12:35:00+04:00 Dubai,14.887930870056152°C,54.37%
2023-06-27T12:40:00+04:00 Dubai,14.887930870056152°C,54.37%
2023-06-27T12:45:00+04:00 Dubai,14.887930870056152°C,54.37%
2023-06-27T12:50:00+04:00 Dubai,14.887930870056152°C,54.37%
2023-06-27T12:55:00+04:00 Dubai,14.887930870056152°C,54.37%
2023-06-27T13:00:00+04:00 Dubai,15.039326667785645°C,54.37%
2023-06-27T13:05:00+04:00 Dubai,15.039326667785645°C,54.37%
2023-06-27T13:10:00+04:00 Dubai,15.039326667785645°C,54.37%
2023-06-27T13:15:00+04:00 Dubai,15.039326667785645°C,54.37%
2023-06-27T13:20:00+04:00 Dubai,15.039326667785645°C,54.37%
2023-06-27T13:25:00+04:00 Dubai,15.039326667785645°C,54.37%
2023-06-27T13:30:00+04:00 Dubai,15.039326667785645°C,54.37%
2023-06-27T13:35:00+04:00 Dubai,15.039326667785645°C,54.37%
2023-06-27T13:40:00+04:00 Dubai,15.039326667785645°C,54.37%
2023-06-27T13:45:00+04:00 Dubai,15.039326667785645°C,54.37%
2023-06-27T13:50:00+04:00 Dubai,15.039326667785645°C,54.37%
2023-06-27T13:55:00+04:00 Dubai,15.039326667785645°C,54.37%
2023-06-27T14:00:00+04:00 Dubai,15.039326667785645°C,54.37%
2023-06-27T14:05:00+04:00 Dubai,14.890803337097168°C,54.37%
2023-06-27T14:10:00+04:00 Dubai,14.890803337097168°C,54.37%
2023-06-27T14:15:00+04:00 Dubai,14.890803337097168°C,54.37%
2023-06-27T14:20:00+04:00 Dubai,14.890803337097168°C,54.37%
2023-06-27T14:25:00+04:00 Dubai,14.890803337097168°C,54.37%
2023-06-27T14:30:00+04:00 Dubai,14.73966121673584°C,54.37%
2023-06-27T14:35:00+04:00 Dubai,14.73966121673584°C,54.37%
2023-06-27T14:40:00+04:00 Dubai,14.73966121673584°C,54.37%
2023-06-27T14:45:00+04:00 Dubai,14.73966121673584°C,54.37%
2023-06-27T14:50:00+04:00 Dubai,14.73966121673584°C,54.37%
2023-06-27T14:55:00+04:00 Dubai,14.73966121673584°C,54.37%
2023-06-27T15:00:00+04:00 Dubai,14.73966121673584°C,54.37%
2023-06-27T15:05:00+04:00 Dubai,14.73966121673584°C,54.37%
2023-06-27T15:10:00+04:00 Dubai,14.73966121673584°C,54.37%
2023-06-27T15:15:00+04:00 Dubai,14.73966121673584°C,54.37%
2023-06-27T15:20:00+04:00 Dubai,14.73966121673584°C,54.37%
2023-06-27T15:25:00+04:00 Dubai,14.73966121673584°C,54.37%
2023-06-27T15:30:00+04:00 Dubai,14.73966121673584°C,54.37%
2023-06-27T15:35:00+04:00 Dubai,14.73966121673584°C,54.37%
2023-06-27T15:40:00+04:00 Dubai,14.73966121673584°C,54.37%
2023-06-27T15:45:00+04:00 Dubai,14.73966121673584°C,54.37%
2023-06-27T15:50:00+04:00 Dubai,14.73966121673584°C,54.37%
2023-06-27T15:55:00+04:00 Dubai,14.73966121673584°C,54.37%
2023-06-27T16:00:00+04:00 Dubai,14.73966121673584°C,54.37%
2023-06-27T16:05:00+04:00 Dubai,14.591116905212402°C,54.37%
2023-06-27T16:10:00+04:00 Dubai,14.591116905212402°C,54.37%
2023-06-27T16:15:00+04:00 Dubai,14.591116905212402°C,54.37%
2023-06-27T16:20:00+04:00 Dubai,14.591116905212402°C,54.37%
2023-06-27T16:25:00+04:00 Dubai,14.591116905212402°C,54.37%
2023-06-27T16:30:00+04:00 Dubai,14.591116905212402°C,54.37%
2023-06-27T16:35:00+04:00 Dubai,14.591116905212402°C,54.37%
2023-06-27T16:40:00+04:00 Dubai,14.441390991210938°C,53.25%
2023-06-27T16:45:00+04:00 Dubai,14.441390991210938°C,53.25%
2023-06-27T16:50:00+04:00 Dubai,14.441390991210938°C,52.24%
2023-06-27T16:55:00+04:00 Dubai,14.441390991210938°C,51.16%
2023-06-27T17:00:00+04:00 Dubai,14.441390991210938°C,49.97%
2023-06-27T17:05:00+04:00 Dubai,14.441390991210938°C,51.04%
2023-06-27T17:10:00+04:00 Dubai,14.441390991210938°C,51.04%
2023-06-27T17:15:00+04:00 Dubai,14.441390991210938°C,51.04%
2023-06-27T17:20:00+04:00 Dubai,14.441390991210938°C,51.04%
2023-06-27T17:25:00+04:00 Dubai,14.441390991210938°C,51.04%
2023-06-27T17:30:00+04:00 Dubai,14.441390991210938°C,51.04%
2023-06-27T17:35:00+04:00 Dubai,14.441390991210938°C,51.04%
2023-06-27T17:40:00+04:00 Dubai,14.441390991210938°C,49.97%
2023-06-27T17:45:00+04:00 Dubai,14.441390991210938°C,49.97%
2023-06-27T17:50:00+04:00 Dubai,14.441390991210938°C,48.94%
2023-06-27T17:55:00+04:00 Dubai,14.441390991210938°C,47.93%
2023-06-27T18:00:00+04:00 Dubai,14.292598724365234°C,45.35%
2023-06-27T18:05:00+04:00 Dubai,14.442524909973145°C,46.74%
2023-06-27T18:10:00+04:00 Dubai,14.442524909973145°C,46.74%
2023-06-27T18:15:00+04:00 Dubai,14.442524909973145°C,46.74%
2023-06-27T18:20:00+04:00 Dubai,14.442524909973145°C,46.74%
2023-06-27T18:25:00+04:00 Dubai,14.442524909973145°C,45.68%
2023-06-27T18:30:00+04:00 Dubai,14.442524909973145°C,44.68%
2023-06-27T18:35:00+04:00 Dubai,14.442524909973145°C,43.54%
2023-06-27T18:40:00+04:00 Dubai,14.294010162353516°C,42.18%
2023-06-27T18:45:00+04:00 Dubai,14.294010162353516°C,40.98%
2023-06-27T18:50:00+04:00 Dubai,14.593830108642578°C,42.26%
2023-06-27T18:55:00+04:00 Dubai,14.593830108642578°C,42.26%
2023-06-27T19:00:00+04:00 Dubai,14.593830108642578°C,42.26%
2023-06-27T19:05:00+04:00 Dubai,14.439234733581543°C,0%
2023-06-27T19:10:00+04:00 Dubai,24.853904724121094°C,0%
2023-06-27T19:15:00+04:00 Dubai,19.112607955932617°C,0%
2023-06-27T19:20:00+04:00 Dubai,19.451332092285156°C,0%
2023-06-27T19:25:00+04:00 Dubai,21.447988510131836°C,36.97%
2023-06-27T19:30:00+04:00 Dubai,18.718835830688477°C,29.96%
2023-06-27T19:35:00+04:00 Dubai,18.106048583984375°C,38.47%
2023-06-27T19:40:00+04:00 Dubai,16.98882484436035°C,39.34%
2023-06-27T19:45:00+04:00 Dubai,16.529481887817383°C,39.34%
2023-06-27T19:50:00+04:00 Dubai,16.379470825195312°C,42.89%
2023-06-27T19:55:00+04:00 Dubai,16.22010040283203°C,45.54%
2023-06-27T20:00:00+04:00 Dubai,15.755014419555664°C,42.25%
2023-06-27T20:05:00+04:00 Dubai,15.604780197143555°C,41.18%
2023-06-27T20:10:00+04:00 Dubai,15.604780197143555°C,41.18%
2023-06-27T20:15:00+04:00 Dubai,15.454655647277832°C,41.18%
2023-06-27T20:20:00+04:00 Dubai,15.454655647277832°C,41.18%
2023-06-27T20:25:00+04:00 Dubai,15.454655647277832°C,41.18%
2023-06-27T20:30:00+04:00 Dubai,15.454655647277832°C,41.18%
2023-06-27T20:35:00+04:00 Dubai,15.305208206176758°C,41.18%
2023-06-27T20:40:00+04:00 Dubai,15.305208206176758°C,41.18%
2023-06-27T20:45:00+04:00 Dubai,15.305208206176758°C,41.18%
2023-06-27T20:50:00+04:00 Dubai,15.305208206176758°C,41.18%
2023-06-27T20:55:00+04:00 Dubai,15.305208206176758°C,41.18%
2023-06-27T21:00:00+04:00 Dubai,15.305208206176758°C,41.18%
2023-06-27T21:05:00+04:00 Dubai,15.305208206176758°C,41.18%
2023-06-27T21:10:00+04:00 Dubai,15.154805183410645°C,41.18%
2023-06-27T21:15:00+04:00 Dubai,15.154805183410645°C,41.18%
2023-06-27T21:20:00+04:00 Dubai,15.154805183410645°C,41.18%
2023-06-27T21:25:00+04:00 Dubai,15.154805183410645°C,41.18%
2023-06-27T21:30:00+04:00 Dubai,15.154805183410645°C,41.18%
2023-06-27T21:35:00+04:00 Dubai,15.154805183410645°C,41.18%
2023-06-27T21:40:00+04:00 Dubai,15.154805183410645°C,41.18%
2023-06-27T21:45:00+04:00 Dubai,15.154805183410645°C,41.18%
2023-06-27T21:50:00+04:00 Dubai,15.154805183410645°C,41.18%
2023-06-27T21:55:00+04:00 Dubai,15.154805183410645°C,41.18%
2023-06-27T22:00:00+04:00 Dubai,15.154805183410645°C,41.18%
2023-06-27T22:05:00+04:00 Dubai,15.154805183410645°C,41.18%
2023-06-27T22:10:00+04:00 Dubai,15.154805183410645°C,41.18%
2023-06-27T22:15:00+04:00 Dubai,15.154805183410645°C,41.18%
2023-06-27T22:20:00+04:00 Dubai,15.154805183410645°C,41.18%
2023-06-27T22:25:00+04:00 Dubai,15.154805183410645°C,41.18%
2023-06-27T22:30:00+04:00 Dubai,15.154805183410645°C,41.18%
2023-06-27T22:35:00+04:00 Dubai,15.154805183410645°C,41.18%
2023-06-27T22:40:00+04:00 Dubai,15.154805183410645°C,41.18%
2023-06-27T22:45:00+04:00 Dubai,15.154805183410645°C,41.18%
2023-06-27T22:50:00+04:00 Dubai,15.154805183410645°C,41.18%
2023-06-27T22:55:00+04:00 Dubai,15.154805183410645°C,41.18%
2023-06-27T23:00:00+04:00 Dubai,15.154805183410645°C,41.18%
2023-06-27T23:05:00+04:00 Dubai,15.154805183410645°C,41.18%
2023-06-27T23:10:00+04:00 Dubai,15.154805183410645°C,41.18%
2023-06-27T23:15:00+04:00 Dubai,15.154805183410645°C,41.18%
2023-06-27T23:20:00+04:00 Dubai,15.154805183410645°C,41.18%
2023-06-27T23:25:00+04:00 Dubai,15.154805183410645°C,41.18%
2023-06-27T23:30:00+04:00 Dubai,15.154805183410645°C,41.18%
2023-06-27T23:35:00+04:00 Dubai,15.154805183410645°C,41.18%
2023-06-27T23:40:00+04:00 Dubai,15.005796432495117°C,41.18%
2023-06-27T23:45:00+04:00 Dubai,15.005796432495117°C,41.18%
2023-06-27T23:50:00+04:00 Dubai,15.005796432495117°C,41.18%
2023-06-27T23:55:00+04:00 Dubai,15.005796432495117°C,41.18%
2023-06-28T00:00:00+04:00 Dubai,16.979734420776367°C,28.86%
2023-06-28T00:05:00+04:00 Dubai,16.979734420776367°C,27.10%
2023-06-28T00:10:00+04:00 Dubai,16.91937255859375°C,23.56%
2023-06-28T00:15:00+04:00 Dubai,17.386289596557617°C,27.90%
2023-06-28T00:20:00+04:00 Dubai,17.535795211791992°C,27.90%
2023-06-28T00:25:00+04:00 Dubai,17.68612289428711°C,27.90%
2023-06-28T00:30:00+04:00 Dubai,17.83521270751953°C,27.90%
2023-06-28T00:35:00+04:00 Dubai,17.984155654907227°C,27.90%
2023-06-28T00:40:00+04:00 Dubai,18.134126663208008°C,27.90%
2023-06-28T00:45:00+04:00 Dubai,18.283987045288086°C,27.90%
2023-06-28T00:50:00+04:00 Dubai,18.433513641357422°C,27.90%
2023-06-28T00:55:00+04:00 Dubai,18.433513641357422°C,27.90%
2023-06-28T01:00:00+04:00 Dubai,18.582504272460938°C,29.15%
2023-06-28T01:05:00+04:00 Dubai,18.582504272460938°C,31.42%
2023-06-28T01:10:00+04:00 Dubai,18.276405334472656°C,30.04%
2023-06-28T01:15:00+04:00 Dubai,18.276405334472656°C,30.04%
2023-06-28T01:20:00+04:00 Dubai,18.276405334472656°C,30.04%
2023-06-28T01:25:00+04:00 Dubai,18.276405334472656°C,30.04%
2023-06-28T01:30:00+04:00 Dubai,18.276405334472656°C,30.04%
2023-06-28T01:35:00+04:00 Dubai,18.276405334472656°C,30.04%
2023-06-28T01:40:00+04:00 Dubai,18.276405334472656°C,30.04%
2023-06-28T01:45:00+04:00 Dubai,18.276405334472656°C,30.04%
2023-06-28T01:50:00+04:00 Dubai,18.276405334472656°C,30.04%
2023-06-28T01:55:00+04:00 Dubai,18.276405334472656°C,30.04%
2023-06-28T02:00:00+04:00 Dubai,18.276405334472656°C,30.04%
2023-06-28T02:05:00+04:00 Dubai,18.276405334472656°C,30.04%
2023-06-28T02:10:00+04:00 Dubai,18.276405334472656°C,30.04%
2023-06-28T02:15:00+04:00 Dubai,18.276405334472656°C,30.04%
2023-06-28T02:20:00+04:00 Dubai,18.276405334472656°C,30.04%
2023-06-28T02:25:00+04:00 Dubai,18.276405334472656°C,30.04%
2023-06-28T02:30:00+04:00 Dubai,18.276405334472656°C,30.04%
2023-06-28T02:35:00+04:00 Dubai,18.276405334472656°C,30.04%
2023-06-28T02:40:00+04:00 Dubai,18.276405334472656°C,30.04%
2023-06-28T02:45:00+04:00 Dubai,18.276405334472656°C,30.04%
2023-06-28T02:50:00+04:00 Dubai,18.276405334472656°C,30.04%
2023-06-28T02:55:00+04:00 Dubai,18.276405334472656°C,30.04%
2023-06-28T03:00:00+04:00 Dubai,18.276405334472656°C,30.04%
2023-06-28T03:05:00+04:00 Dubai,18.276405334472656°C,30.04%
2023-06-28T03:10:00+04:00 Dubai,18.276405334472656°C,30.04%
2023-06-28T03:15:00+04:00 Dubai,18.276405334472656°C,30.04%
2023-06-28T03:20:00+04:00 Dubai,18.276405334472656°C,30.04%
2023-06-28T03:25:00+04:00 Dubai,18.276405334472656°C,30.04%
2023-06-28T03:30:00+04:00 Dubai,18.276405334472656°C,30.04%
2023-06-28T03:35:00+04:00 Dubai,18.276405334472656°C,30.04%
2023-06-28T03:40:00+04:00 Dubai,18.276405334472656°C,30.04%
2023-06-28T03:45:00+04:00 Dubai,18.276405334472656°C,30.04%
2023-06-28T03:50:00+04:00 Dubai,18.276405334472656°C,30.04%
2023-06-28T03:55:00+04:00 Dubai,18.276405334472656°C,30.04%
2023-06-28T04:00:00+04:00 Dubai,18.276405334472656°C,30.04%
2023-06-28T04:05:00+04:00 Dubai,18.276405334472656°C,30.04%
2023-06-28T04:10:00+04:00 Dubai,18.42767333984375°C,30.04%
2023-06-28T04:15:00+04:00 Dubai,18.578344345092773°C,31.39%
2023-06-28T04:20:00+04:00 Dubai,18.578344345092773°C,31.39%
2023-06-28T04:25:00+04:00 Dubai,18.578344345092773°C,31.39%
2023-06-28T04:30:00+04:00 Dubai,18.578344345092773°C,32.43%
2023-06-28T04:35:00+04:00 Dubai,18.578344345092773°C,32.43%
2023-06-28T04:40:00+04:00 Dubai,18.578344345092773°C,32.43%
2023-06-28T04:45:00+04:00 Dubai,18.578344345092773°C,33.43%
2023-06-28T04:50:00+04:00 Dubai,18.578344345092773°C,33.43%
2023-06-28T04:55:00+04:00 Dubai,18.578344345092773°C,33.43%
2023-06-28T05:00:00+04:00 Dubai,18.578344345092773°C,33.43%
2023-06-28T05:05:00+04:00 Dubai,18.578344345092773°C,33.43%
2023-06-28T05:10:00+04:00 Dubai,18.578344345092773°C,33.43%
2023-06-28T05:15:00+04:00 Dubai,18.578344345092773°C,34.43%
2023-06-28T05:20:00+04:00 Dubai,18.578344345092773°C,34.43%
2023-06-28T05:25:00+04:00 Dubai,18.578344345092773°C,34.43%
2023-06-28T05:30:00+04:00 Dubai,18.578344345092773°C,34.43%
2023-06-28T05:35:00+04:00 Dubai,18.578344345092773°C,35.63%
2023-06-28T05:40:00+04:00 Dubai,18.578344345092773°C,36.64%
2023-06-28T05:45:00+04:00 Dubai,18.425172805786133°C,36.64%
2023-06-28T05:50:00+04:00 Dubai,18.274221420288086°C,36.64%
2023-06-28T05:55:00+04:00 Dubai,18.12311363220215°C,36.64%
2023-06-28T06:00:00+04:00 Dubai,18.12311363220215°C,36.64%
2023-06-28T06:05:00+04:00 Dubai,16.3723087310791°C,50.51%
2023-06-28T06:10:00+04:00 Dubai,15.760083198547363°C,48.98%
2023-06-28T06:15:00+04:00 Dubai,15.760083198547363°C,48.98%
2023-06-28T06:20:00+04:00 Dubai,15.610600471496582°C,48.98%
2023-06-28T06:25:00+04:00 Dubai,15.460612297058105°C,47.87%
2023-06-28T06:30:00+04:00 Dubai,15.161497116088867°C,47.87%
2023-06-28T06:35:00+04:00 Dubai,15.161497116088867°C,47.87%
2023-06-28T06:40:00+04:00 Dubai,15.012983322143555°C,47.87%
2023-06-28T06:45:00+04:00 Dubai,15.012983322143555°C,47.87%
2023-06-28T06:50:00+04:00 Dubai,15.012983322143555°C,47.87%
2023-06-28T06:55:00+04:00 Dubai,14.86374568939209°C,47.87%
2023-06-28T07:00:00+04:00 Dubai,14.86374568939209°C,47.87%
2023-06-28T07:05:00+04:00 Dubai,15.816743850708008°C,50.71%
2023-06-28T07:10:00+04:00 Dubai,16.119306564331055°C,56.50%
2023-06-28T07:15:00+04:00 Dubai,16.119306564331055°C,59.58%
2023-06-28T07:20:00+04:00 Dubai,16.119306564331055°C,60.66%
2023-06-28T07:25:00+04:00 Dubai,16.119306564331055°C,65.14%
2023-06-28T07:30:00+04:00 Dubai,16.119306564331055°C,67.58%
2023-06-28T07:35:00+04:00 Dubai,16.119306564331055°C,70.45%
2023-06-28T07:40:00+04:00 Dubai,16.119306564331055°C,72.68%
2023-06-28T07:45:00+04:00 Dubai,15.969054222106934°C,75.03%
2023-06-28T07:50:00+04:00 Dubai,15.969054222106934°C,76.21%
2023-06-28T07:55:00+04:00 Dubai,15.969054222106934°C,78.56%
2023-06-28T08:00:00+04:00 Dubai,15.969054222106934°C,79.76%
2023-06-28T08:05:00+04:00 Dubai,15.969054222106934°C,81.07%
2023-06-28T08:10:00+04:00 Dubai,15.969054222106934°C,83.21%
2023-06-28T08:15:00+04:00 Dubai,15.819084167480469°C,84.62%
2023-06-28T08:20:00+04:00 Dubai,15.819084167480469°C,85.63%
2023-06-28T08:25:00+04:00 Dubai,15.819084167480469°C,87.77%
2023-06-28T08:30:00+04:00 Dubai,15.819084167480469°C,89.02%
2023-06-28T08:35:00+04:00 Dubai,15.819084167480469°C,90.19%
2023-06-28T08:40:00+04:00 Dubai,15.819084167480469°C,91.31%
2023-06-28T08:45:00+04:00 Dubai,15.667113304138184°C,92.85%
2023-06-28T08:50:00+04:00 Dubai,14.076416015625°C,87.52%
2023-06-28T08:55:00+04:00 Dubai,13.468905448913574°C,76.07%
2023-06-28T09:00:00+04:00 Dubai,13.468905448913574°C,72.18%
2023-06-28T09:05:00+04:00 Dubai,13.61839485168457°C,68.06%
2023-06-28T09:10:00+04:00 Dubai,13.61839485168457°C,65.43%
2023-06-28T09:15:00+04:00 Dubai,13.61839485168457°C,61.77%
2023-06-28T09:20:00+04:00 Dubai,13.770455360412598°C,59.49%
2023-06-28T09:25:00+04:00 Dubai,13.920722961425781°C,57.00%
2023-06-28T09:30:00+04:00 Dubai,14.071754455566406°C,55.95%
2023-06-28T09:35:00+04:00 Dubai,14.071754455566406°C,54.78%
2023-06-28T09:40:00+04:00 Dubai,14.223639488220215°C,53.59%
2023-06-28T09:45:00+04:00 Dubai,14.372146606445312°C,54.62%
2023-06-28T09:50:00+04:00 Dubai,14.372146606445312°C,54.62%
2023-06-28T09:55:00+04:00 Dubai,14.372146606445312°C,54.62%
2023-06-28T10:00:00+04:00 Dubai,14.521567344665527°C,54.62%
2023-06-28T10:05:00+04:00 Dubai,14.521567344665527°C,54.62%
2023-06-28T10:10:00+04:00 Dubai,14.521567344665527°C,54.62%
2023-06-28T10:15:00+04:00 Dubai,14.521567344665527°C,54.62%
2023-06-28T10:20:00+04:00 Dubai,14.521567344665527°C,54.62%
2023-06-28T10:25:00+04:00 Dubai,14.671055793762207°C,54.62%
2023-06-28T10:30:00+04:00 Dubai,14.671055793762207°C,54.62%
2023-06-28T10:35:00+04:00 Dubai,14.671055793762207°C,54.62%
2023-06-28T10:40:00+04:00 Dubai,14.671055793762207°C,54.62%
2023-06-28T10:45:00+04:00 Dubai,14.671055793762207°C,54.62%
2023-06-28T10:50:00+04:00 Dubai,14.671055793762207°C,54.62%
2023-06-28T10:55:00+04:00 Dubai,14.820049285888672°C,54.62%
2023-06-28T11:00:00+04:00 Dubai,14.820049285888672°C,54.62%
2023-06-28T11:05:00+04:00 Dubai,14.820049285888672°C,54.62%
2023-06-28T11:10:00+04:00 Dubai,14.820049285888672°C,54.62%
2023-06-28T11:15:00+04:00 Dubai,14.820049285888672°C,54.62%
2023-06-28T11:20:00+04:00 Dubai,14.820049285888672°C,54.62%
2023-06-28T11:25:00+04:00 Dubai,14.820049285888672°C,54.62%
2023-06-28T11:30:00+04:00 Dubai,14.820049285888672°C,54.62%
2023-06-28T11:35:00+04:00 Dubai,14.820049285888672°C,54.62%
2023-06-28T11:40:00+04:00 Dubai,14.820049285888672°C,54.62%
2023-06-28T11:45:00+04:00 Dubai,14.820049285888672°C,54.62%
2023-06-28T11:50:00+04:00 Dubai,14.820049285888672°C,54.62%
2023-06-28T11:55:00+04:00 Dubai,14.820049285888672°C,54.62%
2023-06-28T12:00:00+04:00 Dubai,14.820049285888672°C,54.62%
2023-06-28T12:05:00+04:00 Dubai,14.820049285888672°C,54.62%
2023-06-28T12:10:00+04:00 Dubai,14.820049285888672°C,54.62%
2023-06-28T12:15:00+04:00 Dubai,14.820049285888672°C,54.62%
2023-06-28T12:20:00+04:00 Dubai,14.820049285888672°C,54.62%
2023-06-28T12:25:00+04:00 Dubai,14.970947265625°C,54.62%
2023-06-28T12:30:00+04:00 Dubai,15.12087345123291°C,54.62%
2023-06-28T12:35:00+04:00 Dubai,15.12087345123291°C,54.62%
2023-06-28T12:40:00+04:00 Dubai,15.12087345123291°C,54.62%
2023-06-28T12:45:00+04:00 Dubai,15.12087345123291°C,54.62%
2023-06-28T12:50:00+04:00 Dubai,15.12087345123291°C,54.62%
2023-06-28T12:55:00+04:00 Dubai,15.12087345123291°C,54.62%
2023-06-28T13:00:00+04:00 Dubai,15.12087345123291°C,54.62%
2023-06-28T13:05:00+04:00 Dubai,15.12087345123291°C,54.62%
2023-06-28T13:10:00+04:00 Dubai,15.12087345123291°C,54.62%
2023-06-28T13:15:00+04:00 Dubai,15.12087345123291°C,54.62%
2023-06-28T13:20:00+04:00 Dubai,15.12087345123291°C,54.62%
2023-06-28T13:25:00+04:00 Dubai,15.12087345123291°C,54.62%
2023-06-28T13:30:00+04:00 Dubai,15.12087345123291°C,54.62%
2023-06-28T13:35:00+04:00 Dubai,14.970906257629395°C,54.62%
2023-06-28T13:40:00+04:00 Dubai,14.970906257629395°C,54.62%
2023-06-28T13:45:00+04:00 Dubai,14.970906257629395°C,54.62%
2023-06-28T13:50:00+04:00 Dubai,14.970906257629395°C,54.62%
2023-06-28T13:55:00+04:00 Dubai,14.970906257629395°C,54.62%
2023-06-28T14:00:00+04:00 Dubai,14.970906257629395°C,54.62%
2023-06-28T14:05:00+04:00 Dubai,14.970906257629395°C,54.62%
2023-06-28T14:10:00+04:00 Dubai,14.970906257629395°C,54.62%
2023-06-28T14:15:00+04:00 Dubai,14.970906257629395°C,54.62%
2023-06-28T14:20:00+04:00 Dubai,14.822361946105957°C,54.62%
2023-06-28T14:25:00+04:00 Dubai,14.822361946105957°C,54.62%
2023-06-28T14:30:00+04:00 Dubai,14.822361946105957°C,54.62%
2023-06-28T14:35:00+04:00 Dubai,14.822361946105957°C,54.62%
2023-06-28T14:40:00+04:00 Dubai,14.822361946105957°C,54.62%
2023-06-28T14:45:00+04:00 Dubai,14.822361946105957°C,54.62%
2023-06-28T14:50:00+04:00 Dubai,14.822361946105957°C,54.62%
2023-06-28T14:55:00+04:00 Dubai,14.822361946105957°C,54.62%
2023-06-28T15:00:00+04:00 Dubai,14.822361946105957°C,54.62%
2023-06-28T15:05:00+04:00 Dubai,14.822361946105957°C,54.62%
2023-06-28T15:10:00+04:00 Dubai,14.822361946105957°C,54.62%
2023-06-28T15:15:00+04:00 Dubai,14.822361946105957°C,54.62%
2023-06-28T15:20:00+04:00 Dubai,14.822361946105957°C,54.62%
2023-06-28T15:25:00+04:00 Dubai,14.822361946105957°C,54.62%
2023-06-28T15:30:00+04:00 Dubai,14.673402786254883°C,54.62%
2023-06-28T15:35:00+04:00 Dubai,14.673402786254883°C,54.62%
2023-06-28T15:40:00+04:00 Dubai,14.673402786254883°C,54.62%
2023-06-28T15:45:00+04:00 Dubai,14.673402786254883°C,54.62%
2023-06-28T15:50:00+04:00 Dubai,14.673402786254883°C,54.62%
2023-06-28T15:55:00+04:00 Dubai,14.673402786254883°C,54.62%
2023-06-28T16:00:00+04:00 Dubai,14.673402786254883°C,54.62%
2023-06-28T16:05:00+04:00 Dubai,14.673402786254883°C,54.62%
2023-06-28T16:10:00+04:00 Dubai,14.673402786254883°C,54.62%
2023-06-28T16:15:00+04:00 Dubai,14.524855613708496°C,54.62%
2023-06-28T16:20:00+04:00 Dubai,14.524855613708496°C,54.62%
2023-06-28T16:25:00+04:00 Dubai,14.524855613708496°C,54.62%
2023-06-28T16:30:00+04:00 Dubai,14.524855613708496°C,54.62%
2023-06-28T16:35:00+04:00 Dubai,14.524855613708496°C,53.56%
2023-06-28T16:40:00+04:00 Dubai,14.376090049743652°C,52.36%
2023-06-28T16:45:00+04:00 Dubai,14.376090049743652°C,51.24%
2023-06-28T16:50:00+04:00 Dubai,14.376090049743652°C,50.10%
2023-06-28T16:55:00+04:00 Dubai,14.376090049743652°C,51.21%
2023-06-28T17:00:00+04:00 Dubai,14.376090049743652°C,51.21%
2023-06-28T17:05:00+04:00 Dubai,14.376090049743652°C,51.21%
2023-06-28T17:10:00+04:00 Dubai,14.376090049743652°C,50.20%
2023-06-28T17:15:00+04:00 Dubai,14.376090049743652°C,50.20%
2023-06-28T17:20:00+04:00 Dubai,14.376090049743652°C,49.13%
2023-06-28T17:25:00+04:00 Dubai,14.376090049743652°C,48.07%
2023-06-28T17:30:00+04:00 Dubai,14.376090049743652°C,48.07%
2023-06-28T17:35:00+04:00 Dubai,14.376090049743652°C,47.01%
2023-06-28T17:40:00+04:00 Dubai,14.52474594116211°C,47.01%
2023-06-28T17:45:00+04:00 Dubai,14.52474594116211°C,47.01%
2023-06-28T17:50:00+04:00 Dubai,14.52474594116211°C,47.01%
2023-06-28T17:55:00+04:00 Dubai,14.52474594116211°C,47.01%
2023-06-28T18:00:00+04:00 Dubai,14.52474594116211°C,47.01%
2023-06-28T18:05:00+04:00 Dubai,14.52474594116211°C,47.01%
2023-06-28T18:10:00+04:00 Dubai,14.52474594116211°C,47.01%
2023-06-28T18:15:00+04:00 Dubai,14.52474594116211°C,47.01%
2023-06-28T18:20:00+04:00 Dubai,14.52474594116211°C,45.98%
2023-06-28T18:25:00+04:00 Dubai,14.373175621032715°C,44.87%
2023-06-28T18:30:00+04:00 Dubai,14.373175621032715°C,44.87%
2023-06-28T18:35:00+04:00 Dubai,14.373175621032715°C,42.49%
2023-06-28T18:40:00+04:00 Dubai,14.373175621032715°C,42.49%
2023-06-28T18:45:00+04:00 Dubai,14.522977828979492°C,43.59%
2023-06-28T18:50:00+04:00 Dubai,14.522977828979492°C,43.59%
2023-06-28T18:55:00+04:00 Dubai,14.522977828979492°C,43.59%
2023-06-28T19:00:00+04:00 Dubai,14.522977828979492°C,43.59%
2023-06-28T19:05:00+04:00 Dubai,14.373827934265137°C,42.06%
2023-06-28T19:10:00+04:00 Dubai,14.373827934265137°C,40.85%
2023-06-28T19:15:00+04:00 Dubai,14.373827934265137°C,40.85%
2023-06-28T19:20:00+04:00 Dubai,14.373827934265137°C,39.78%
2023-06-28T19:25:00+04:00 Dubai,14.373827934265137°C,38.61%
2023-06-28T19:30:00+04:00 Dubai,14.373827934265137°C,37.49%
2023-06-28T19:35:00+04:00 Dubai,14.679915428161621°C,38.63%
2023-06-28T19:40:00+04:00 Dubai,14.828662872314453°C,38.63%
2023-06-28T19:45:00+04:00 Dubai,14.828662872314453°C,38.63%
2023-06-28T19:50:00+04:00 Dubai,14.979181289672852°C,38.63%
2023-06-28T19:55:00+04:00 Dubai,14.979181289672852°C,38.63%
2023-06-28T20:00:00+04:00 Dubai,15.128058433532715°C,38.63%
2023-06-28T20:05:00+04:00 Dubai,15.128058433532715°C,38.63%
2023-06-28T20:10:00+04:00 Dubai,15.128058433532715°C,38.63%
2023-06-28T20:15:00+04:00 Dubai,15.128058433532715°C,38.63%
2023-06-28T20:20:00+04:00 Dubai,15.276915550231934°C,38.63%
2023-06-28T20:25:00+04:00 Dubai,15.276915550231934°C,38.63%
2023-06-28T20:30:00+04:00 Dubai,15.276915550231934°C,38.63%
2023-06-28T20:35:00+04:00 Dubai,15.276915550231934°C,38.63%
2023-06-28T20:40:00+04:00 Dubai,15.425739288330078°C,38.63%
2023-06-28T20:45:00+04:00 Dubai,15.425739288330078°C,38.63%
2023-06-28T20:50:00+04:00 Dubai,15.425739288330078°C,38.63%
2023-06-28T20:55:00+04:00 Dubai,15.425739288330078°C,38.63%
2023-06-28T21:00:00+04:00 Dubai,15.425739288330078°C,38.63%
2023-06-28T21:05:00+04:00 Dubai,15.425739288330078°C,38.63%
2023-06-28T21:10:00+04:00 Dubai,15.425739288330078°C,38.63%
2023-06-28T21:15:00+04:00 Dubai,15.574627876281738°C,39.70%
2023-06-28T21:20:00+04:00 Dubai,15.574627876281738°C,40.73%
2023-06-28T21:25:00+04:00 Dubai,15.574627876281738°C,40.73%
2023-06-28T21:30:00+04:00 Dubai,15.574627876281738°C,40.73%
2023-06-28T21:35:00+04:00 Dubai,15.574627876281738°C,40.73%
2023-06-28T21:40:00+04:00 Dubai,15.574627876281738°C,40.73%
2023-06-28T21:45:00+04:00 Dubai,15.574627876281738°C,40.73%
2023-06-28T21:50:00+04:00 Dubai,15.574627876281738°C,40.73%
2023-06-28T21:55:00+04:00 Dubai,15.574627876281738°C,40.73%
2023-06-28T22:00:00+04:00 Dubai,15.574627876281738°C,40.73%
2023-06-28T22:05:00+04:00 Dubai,15.574627876281738°C,41.76%
2023-06-28T22:10:00+04:00 Dubai,15.574627876281738°C,41.76%
2023-06-28T22:15:00+04:00 Dubai,15.574627876281738°C,41.76%
2023-06-28T22:20:00+04:00 Dubai,15.574627876281738°C,41.76%
2023-06-28T22:25:00+04:00 Dubai,15.574627876281738°C,42.75%
2023-06-28T22:30:00+04:00 Dubai,15.574627876281738°C,43.81%
2023-06-28T22:35:00+04:00 Dubai,15.574627876281738°C,43.81%
2023-06-28T22:40:00+04:00 Dubai,15.574627876281738°C,45.10%
2023-06-28T22:45:00+04:00 Dubai,15.574627876281738°C,45.10%
2023-06-28T22:50:00+04:00 Dubai,15.269706726074219°C,45.10%
2023-06-28T22:55:00+04:00 Dubai,15.119307518005371°C,45.10%
2023-06-28T23:00:00+04:00 Dubai,15.119307518005371°C,45.10%
2023-06-28T23:05:00+04:00 Dubai,14.970742225646973°C,45.10%
2023-06-28T23:10:00+04:00 Dubai,14.970742225646973°C,45.10%
2023-06-28T23:15:00+04:00 Dubai,14.970742225646973°C,45.10%
2023-06-28T23:20:00+04:00 Dubai,14.970742225646973°C,45.10%
2023-06-28T23:25:00+04:00 Dubai,14.970742225646973°C,45.10%
2023-06-28T23:30:00+04:00 Dubai,14.970742225646973°C,45.10%
2023-06-28T23:35:00+04:00 Dubai,14.82083511352539°C,45.10%
2023-06-28T23:40:00+04:00 Dubai,14.82083511352539°C,45.10%
2023-06-28T23:45:00+04:00 Dubai,14.82083511352539°C,45.10%
2023-06-28T23:50:00+04:00 Dubai,14.82083511352539°C,45.10%
2023-06-28T23:55:00+04:00 Dubai,14.82083511352539°C,45.10%
2023-06-29T00:00:00+04:00 Dubai,16.78940773010254°C,29.82%
2023-06-29T00:05:00+04:00 Dubai,16.944799423217773°C,26.83%
2023-06-29T00:10:00+04:00 Dubai,16.90162467956543°C,24.39%
2023-06-29T00:15:00+04:00 Dubai,17.352005004882812°C,28.79%
2023-06-29T00:20:00+04:00 Dubai,17.656055450439453°C,28.79%
2023-06-29T00:25:00+04:00 Dubai,17.80683708190918°C,28.79%
2023-06-29T00:30:00+04:00 Dubai,17.95660400390625°C,28.79%
2023-06-29T00:35:00+04:00 Dubai,18.106008529663086°C,28.79%
2023-06-29T00:40:00+04:00 Dubai,18.2567081451416°C,28.79%
2023-06-29T00:45:00+04:00 Dubai,18.40672492980957°C,28.79%
2023-06-29T00:50:00+04:00 Dubai,18.40672492980957°C,29.81%
2023-06-29T00:55:00+04:00 Dubai,18.5565128326416°C,31.01%
2023-06-29T01:00:00+04:00 Dubai,18.5565128326416°C,31.01%
2023-06-29T01:05:00+04:00 Dubai,18.251182556152344°C,31.01%
2023-06-29T01:10:00+04:00 Dubai,18.251182556152344°C,31.01%
2023-06-29T01:15:00+04:00 Dubai,18.251182556152344°C,31.01%
2023-06-29T01:20:00+04:00 Dubai,18.251182556152344°C,31.01%
2023-06-29T01:25:00+04:00 Dubai,18.251182556152344°C,31.01%
2023-06-29T01:30:00+04:00 Dubai,18.251182556152344°C,31.01%
2023-06-29T01:35:00+04:00 Dubai,18.251182556152344°C,31.01%
2023-06-29T01:40:00+04:00 Dubai,18.251182556152344°C,31.01%
2023-06-29T01:45:00+04:00 Dubai,18.251182556152344°C,31.01%
2023-06-29T01:50:00+04:00 Dubai,18.251182556152344°C,31.01%
2023-06-29T01:55:00+04:00 Dubai,18.251182556152344°C,31.01%
2023-06-29T02:00:00+04:00 Dubai,18.251182556152344°C,31.01%
2023-06-29T02:05:00+04:00 Dubai,18.251182556152344°C,31.01%
2023-06-29T02:10:00+04:00 Dubai,18.251182556152344°C,31.01%
2023-06-29T02:15:00+04:00 Dubai,18.251182556152344°C,31.01%
2023-06-29T02:20:00+04:00 Dubai,18.251182556152344°C,31.01%
2023-06-29T02:25:00+04:00 Dubai,18.251182556152344°C,31.01%
2023-06-29T02:30:00+04:00 Dubai,18.251182556152344°C,31.01%
2023-06-29T02:35:00+04:00 Dubai,18.251182556152344°C,31.01%
2023-06-29T02:40:00+04:00 Dubai,18.251182556152344°C,31.01%
2023-06-29T02:45:00+04:00 Dubai,18.251182556152344°C,31.01%
2023-06-29T02:50:00+04:00 Dubai,18.251182556152344°C,31.01%
2023-06-29T02:55:00+04:00 Dubai,18.251182556152344°C,31.01%
2023-06-29T03:00:00+04:00 Dubai,18.251182556152344°C,31.01%
2023-06-29T03:05:00+04:00 Dubai,18.251182556152344°C,31.01%
2023-06-29T03:10:00+04:00 Dubai,18.251182556152344°C,31.01%
2023-06-29T03:15:00+04:00 Dubai,18.251182556152344°C,31.01%
2023-06-29T03:20:00+04:00 Dubai,18.251182556152344°C,31.01%
2023-06-29T03:25:00+04:00 Dubai,18.251182556152344°C,31.01%
2023-06-29T03:30:00+04:00 Dubai,18.399879455566406°C,31.01%
2023-06-29T03:35:00+04:00 Dubai,18.399879455566406°C,31.01%
2023-06-29T03:40:00+04:00 Dubai,18.399879455566406°C,31.01%
2023-06-29T03:45:00+04:00 Dubai,18.399879455566406°C,31.01%
2023-06-29T03:50:00+04:00 Dubai,18.399879455566406°C,31.01%
2023-06-29T03:55:00+04:00 Dubai,18.399879455566406°C,31.01%
2023-06-29T04:00:00+04:00 Dubai,18.399879455566406°C,31.01%
2023-06-29T04:05:00+04:00 Dubai,18.399879455566406°C,31.01%
2023-06-29T04:10:00+04:00 Dubai,18.399879455566406°C,31.01%
2023-06-29T04:15:00+04:00 Dubai,18.399879455566406°C,31.01%
2023-06-29T04:20:00+04:00 Dubai,18.399879455566406°C,31.01%
2023-06-29T04:25:00+04:00 Dubai,18.399879455566406°C,31.01%
2023-06-29T04:30:00+04:00 Dubai,18.399879455566406°C,31.01%
2023-06-29T04:35:00+04:00 Dubai,18.399879455566406°C,31.01%
2023-06-29T04:40:00+04:00 Dubai,18.399879455566406°C,31.01%
2023-06-29T04:45:00+04:00 Dubai,18.399879455566406°C,31.01%
2023-06-29T04:50:00+04:00 Dubai,18.399879455566406°C,31.01%
2023-06-29T04:55:00+04:00 Dubai,18.399879455566406°C,31.01%
2023-06-29T05:00:00+04:00 Dubai,18.54908561706543°C,31.01%
2023-06-29T05:05:00+04:00 Dubai,18.54908561706543°C,32.11%
2023-06-29T05:10:00+04:00 Dubai,18.54908561706543°C,32.11%
2023-06-29T05:15:00+04:00 Dubai,18.54908561706543°C,32.11%
2023-06-29T05:20:00+04:00 Dubai,18.54908561706543°C,32.11%
2023-06-29T05:25:00+04:00 Dubai,18.54908561706543°C,33.12%
2023-06-29T05:30:00+04:00 Dubai,18.54908561706543°C,33.12%
2023-06-29T05:35:00+04:00 Dubai,18.54908561706543°C,33.12%
2023-06-29T05:40:00+04:00 Dubai,18.54908561706543°C,34.18%
2023-06-29T05:45:00+04:00 Dubai,18.54908561706543°C,34.18%
2023-06-29T05:50:00+04:00 Dubai,18.54908561706543°C,35.21%
2023-06-29T05:55:00+04:00 Dubai,18.54908561706543°C,35.21%
2023-06-29T06:00:00+04:00 Dubai,18.54908561706543°C,36.31%
2023-06-29T06:05:00+04:00 Dubai,16.182727813720703°C,49.11%
2023-06-29T06:10:00+04:00 Dubai,15.883171081542969°C,49.11%
2023-06-29T06:15:00+04:00 Dubai,15.733709335327148°C,49.11%
2023-06-29T06:20:00+04:00 Dubai,15.583828926086426°C,47.90%
2023-06-29T06:25:00+04:00 Dubai,15.28511905670166°C,47.90%
2023-06-29T06:30:00+04:00 Dubai,15.28511905670166°C,47.90%
2023-06-29T06:35:00+04:00 Dubai,15.136313438415527°C,47.90%
2023-06-29T06:40:00+04:00 Dubai,14.987303733825684°C,47.90%
2023-06-29T06:45:00+04:00 Dubai,14.987303733825684°C,47.90%
2023-06-29T06:50:00+04:00 Dubai,14.838357925415039°C,47.90%
2023-06-29T06:55:00+04:00 Dubai,14.838357925415039°C,47.90%
2023-06-29T07:00:00+04:00 Dubai,14.689409255981445°C,47.90%
2023-06-29T07:05:00+04:00 Dubai,15.317161560058594°C,47.90%
2023-06-29T07:10:00+04:00 Dubai,15.46639633178711°C,47.90%
2023-06-29T07:15:00+04:00 Dubai,15.317663192749023°C,47.90%
2023-06-29T07:20:00+04:00 Dubai,15.168296813964844°C,47.90%
2023-06-29T07:25:00+04:00 Dubai,15.018710136413574°C,47.90%
2023-06-29T07:30:00+04:00 Dubai,15.018710136413574°C,47.90%
2023-06-29T07:35:00+04:00 Dubai,14.867657661437988°C,47.90%
2023-06-29T07:40:00+04:00 Dubai,14.867657661437988°C,47.90%
2023-06-29T07:45:00+04:00 Dubai,14.867657661437988°C,47.90%
2023-06-29T07:50:00+04:00 Dubai,14.867657661437988°C,47.90%
2023-06-29T07:55:00+04:00 Dubai,14.867657661437988°C,47.90%
2023-06-29T08:00:00+04:00 Dubai,14.867657661437988°C,47.90%
2023-06-29T08:05:00+04:00 Dubai,14.867657661437988°C,47.90%
2023-06-29T08:10:00+04:00 Dubai,14.867657661437988°C,47.90%
2023-06-29T08:15:00+04:00 Dubai,14.867657661437988°C,47.90%
2023-06-29T08:20:00+04:00 Dubai,14.867657661437988°C,47.90%
2023-06-29T08:25:00+04:00 Dubai,14.867657661437988°C,47.90%
2023-06-29T08:30:00+04:00 Dubai,14.867657661437988°C,47.90%
2023-06-29T08:35:00+04:00 Dubai,14.867657661437988°C,47.90%
2023-06-29T08:40:00+04:00 Dubai,14.867657661437988°C,47.90%
2023-06-29T08:45:00+04:00 Dubai,14.867657661437988°C,47.90%
2023-06-29T08:50:00+04:00 Dubai,14.867657661437988°C,47.90%
2023-06-29T08:55:00+04:00 Dubai,14.867657661437988°C,47.90%
2023-06-29T09:00:00+04:00 Dubai,14.867657661437988°C,47.90%
2023-06-29T09:05:00+04:00 Dubai,15.017219543457031°C,47.90%
2023-06-29T09:10:00+04:00 Dubai,15.017219543457031°C,47.90%
2023-06-29T09:15:00+04:00 Dubai,15.017219543457031°C,47.90%
2023-06-29T09:20:00+04:00 Dubai,15.017219543457031°C,47.90%
2023-06-29T09:25:00+04:00 Dubai,15.165982246398926°C,47.90%
2023-06-29T09:30:00+04:00 Dubai,15.165982246398926°C,47.90%
2023-06-29T09:35:00+04:00 Dubai,15.165982246398926°C,47.90%
2023-06-29T09:40:00+04:00 Dubai,15.165982246398926°C,47.90%
2023-06-29T09:45:00+04:00 Dubai,15.165982246398926°C,47.90%
2023-06-29T09:50:00+04:00 Dubai,15.314485549926758°C,47.90%
2023-06-29T09:55:00+04:00 Dubai,15.314485549926758°C,47.90%
2023-06-29T10:00:00+04:00 Dubai,15.314485549926758°C,47.90%
2023-06-29T10:05:00+04:00 Dubai,15.314485549926758°C,47.90%
2023-06-29T10:10:00+04:00 Dubai,15.314485549926758°C,47.90%
2023-06-29T10:15:00+04:00 Dubai,15.314485549926758°C,47.90%
2023-06-29T10:20:00+04:00 Dubai,15.314485549926758°C,47.90%
2023-06-29T10:25:00+04:00 Dubai,15.314485549926758°C,47.90%
2023-06-29T10:30:00+04:00 Dubai,15.314485549926758°C,47.90%
2023-06-29T10:35:00+04:00 Dubai,15.314485549926758°C,47.90%
2023-06-29T10:40:00+04:00 Dubai,15.314485549926758°C,47.90%
2023-06-29T10:45:00+04:00 Dubai,15.314485549926758°C,47.90%
2023-06-29T10:50:00+04:00 Dubai,15.464469909667969°C,47.90%
2023-06-29T10:55:00+04:00 Dubai,15.464469909667969°C,47.90%
2023-06-29T11:00:00+04:00 Dubai,15.464469909667969°C,47.90%
2023-06-29T11:05:00+04:00 Dubai,15.614344596862793°C,47.90%
2023-06-29T11:10:00+04:00 Dubai,15.913811683654785°C,53.41%
2023-06-29T11:15:00+04:00 Dubai,15.913811683654785°C,54.53%
2023-06-29T11:20:00+04:00 Dubai,15.763254165649414°C,54.53%
2023-06-29T11:25:00+04:00 Dubai,15.613337516784668°C,54.53%
2023-06-29T11:30:00+04:00 Dubai,15.613337516784668°C,53.21%
2023-06-29T11:35:00+04:00 Dubai,15.463589668273926°C,53.21%
2023-06-29T11:40:00+04:00 Dubai,15.463589668273926°C,53.21%
2023-06-29T11:45:00+04:00 Dubai,15.463589668273926°C,53.21%
2023-06-29T11:50:00+04:00 Dubai,15.463589668273926°C,53.21%
2023-06-29T11:55:00+04:00 Dubai,15.463589668273926°C,53.21%
2023-06-29T12:00:00+04:00 Dubai,15.463589668273926°C,53.21%
2023-06-29T12:05:00+04:00 Dubai,15.463589668273926°C,53.21%
2023-06-29T12:10:00+04:00 Dubai,15.463589668273926°C,53.21%
2023-06-29T12:15:00+04:00 Dubai,15.463589668273926°C,53.21%
2023-06-29T12:20:00+04:00 Dubai,15.463589668273926°C,53.21%
2023-06-29T12:25:00+04:00 Dubai,15.463589668273926°C,53.21%
2023-06-29T12:30:00+04:00 Dubai,15.463589668273926°C,53.21%
2023-06-29T12:35:00+04:00 Dubai,15.463589668273926°C,53.21%
2023-06-29T12:40:00+04:00 Dubai,15.463589668273926°C,53.21%
2023-06-29T12:45:00+04:00 Dubai,15.463589668273926°C,53.21%
2023-06-29T12:50:00+04:00 Dubai,15.463589668273926°C,53.21%
2023-06-29T12:55:00+04:00 Dubai,15.463589668273926°C,53.21%
2023-06-29T13:00:00+04:00 Dubai,15.463589668273926°C,53.21%
2023-06-29T13:05:00+04:00 Dubai,15.463589668273926°C,53.21%
2023-06-29T13:10:00+04:00 Dubai,15.463589668273926°C,53.21%
2023-06-29T13:15:00+04:00 Dubai,15.463589668273926°C,53.21%
2023-06-29T13:20:00+04:00 Dubai,15.463589668273926°C,53.21%
2023-06-29T13:25:00+04:00 Dubai,15.463589668273926°C,53.21%
2023-06-29T13:30:00+04:00 Dubai,15.463589668273926°C,53.21%
2023-06-29T13:35:00+04:00 Dubai,15.463589668273926°C,53.21%
2023-06-29T13:40:00+04:00 Dubai,15.463589668273926°C,53.21%
2023-06-29T13:45:00+04:00 Dubai,15.463589668273926°C,53.21%
2023-06-29T13:50:00+04:00 Dubai,15.463589668273926°C,53.21%
2023-06-29T13:55:00+04:00 Dubai,15.463589668273926°C,53.21%
2023-06-29T14:00:00+04:00 Dubai,15.463589668273926°C,53.21%
2023-06-29T14:05:00+04:00 Dubai,15.315072059631348°C,53.21%
2023-06-29T14:10:00+04:00 Dubai,15.315072059631348°C,53.21%
2023-06-29T14:15:00+04:00 Dubai,15.315072059631348°C,53.21%
2023-06-29T14:20:00+04:00 Dubai,15.165172576904297°C,53.21%
2023-06-29T14:25:00+04:00 Dubai,15.165172576904297°C,53.21%
2023-06-29T14:30:00+04:00 Dubai,15.165172576904297°C,53.21%
2023-06-29T14:35:00+04:00 Dubai,15.165172576904297°C,53.21%
2023-06-29T14:40:00+04:00 Dubai,15.165172576904297°C,53.21%
2023-06-29T14:45:00+04:00 Dubai,15.165172576904297°C,53.21%
2023-06-29T14:50:00+04:00 Dubai,15.165172576904297°C,53.21%
2023-06-29T14:55:00+04:00 Dubai,15.165172576904297°C,53.21%
2023-06-29T15:00:00+04:00 Dubai,15.165172576904297°C,53.21%
2023-06-29T15:05:00+04:00 Dubai,15.165172576904297°C,53.21%
2023-06-29T15:10:00+04:00 Dubai,15.165172576904297°C,53.21%
2023-06-29T15:15:00+04:00 Dubai,15.165172576904297°C,53.21%
2023-06-29T15:20:00+04:00 Dubai,15.165172576904297°C,53.21%
2023-06-29T15:25:00+04:00 Dubai,15.165172576904297°C,53.21%
2023-06-29T15:30:00+04:00 Dubai,15.165172576904297°C,53.21%
2023-06-29T15:35:00+04:00 Dubai,15.165172576904297°C,53.21%
2023-06-29T15:40:00+04:00 Dubai,15.165172576904297°C,53.21%
2023-06-29T15:45:00+04:00 Dubai,15.165172576904297°C,53.21%
2023-06-29T15:50:00+04:00 Dubai,15.165172576904297°C,53.21%
2023-06-29T15:55:00+04:00 Dubai,15.016624450683594°C,53.21%
2023-06-29T16:00:00+04:00 Dubai,15.016624450683594°C,53.21%
2023-06-29T16:05:00+04:00 Dubai,15.016624450683594°C,53.21%
2023-06-29T16:10:00+04:00 Dubai,15.016624450683594°C,53.21%
2023-06-29T16:15:00+04:00 Dubai,15.016624450683594°C,53.21%
2023-06-29T16:20:00+04:00 Dubai,15.016624450683594°C,53.21%
2023-06-29T16:25:00+04:00 Dubai,14.866962432861328°C,53.21%
2023-06-29T16:30:00+04:00 Dubai,14.866962432861328°C,53.21%
2023-06-29T16:35:00+04:00 Dubai,14.866962432861328°C,53.21%
2023-06-29T16:40:00+04:00 Dubai,14.866962432861328°C,53.21%
2023-06-29T16:45:00+04:00 Dubai,14.71767807006836°C,53.21%
2023-06-29T16:50:00+04:00 Dubai,14.71767807006836°C,53.21%
2023-06-29T16:55:00+04:00 Dubai,14.71767807006836°C,53.21%
2023-06-29T17:00:00+04:00 Dubai,14.71767807006836°C,53.21%
2023-06-29T17:05:00+04:00 Dubai,14.71767807006836°C,53.21%
2023-06-29T17:10:00+04:00 Dubai,14.71767807006836°C,53.21%
2023-06-29T17:15:00+04:00 Dubai,14.567105293273926°C,53.21%
2023-06-29T17:20:00+04:00 Dubai,14.567105293273926°C,53.21%
2023-06-29T17:25:00+04:00 Dubai,14.567105293273926°C,53.21%
2023-06-29T17:30:00+04:00 Dubai,14.41794490814209°C,52.02%
2023-06-29T17:35:00+04:00 Dubai,14.41794490814209°C,52.02%
2023-06-29T17:40:00+04:00 Dubai,14.41794490814209°C,50.58%
2023-06-29T17:45:00+04:00 Dubai,14.41794490814209°C,50.58%
2023-06-29T17:50:00+04:00 Dubai,14.41794490814209°C,49.40%
2023-06-29T17:55:00+04:00 Dubai,14.41794490814209°C,48.11%
2023-06-29T18:00:00+04:00 Dubai,14.41794490814209°C,46.93%
2023-06-29T18:05:00+04:00 Dubai,14.269195556640625°C,45.61%
2023-06-29T18:10:00+04:00 Dubai,14.419137001037598°C,45.61%
2023-06-29T18:15:00+04:00 Dubai,14.419137001037598°C,45.61%
2023-06-29T18:20:00+04:00 Dubai,14.419137001037598°C,45.61%
2023-06-29T18:25:00+04:00 Dubai,14.419137001037598°C,45.61%
2023-06-29T18:30:00+04:00 Dubai,14.419137001037598°C,44.60%
2023-06-29T18:35:00+04:00 Dubai,14.419137001037598°C,42.45%
2023-06-29T18:40:00+04:00 Dubai,14.419137001037598°C,42.45%
2023-06-29T18:45:00+04:00 Dubai,14.568053245544434°C,43.52%
2023-06-29T18:50:00+04:00 Dubai,14.568053245544434°C,43.52%
2023-06-29T18:55:00+04:00 Dubai,14.568053245544434°C,43.52%
2023-06-29T19:00:00+04:00 Dubai,14.568053245544434°C,43.52%
2023-06-29T19:05:00+04:00 Dubai,14.264241218566895°C,41.49%
2023-06-29T19:10:00+04:00 Dubai,14.264241218566895°C,39.98%
2023-06-29T19:15:00+04:00 Dubai,14.264241218566895°C,39.98%
2023-06-29T19:20:00+04:00 Dubai,14.264241218566895°C,37.74%
2023-06-29T19:25:00+04:00 Dubai,14.579545974731445°C,38.90%
2023-06-29T19:30:00+04:00 Dubai,14.882366180419922°C,38.90%
2023-06-29T19:35:00+04:00 Dubai,14.882366180419922°C,38.90%
2023-06-29T19:40:00+04:00 Dubai,14.882366180419922°C,38.90%
2023-06-29T19:45:00+04:00 Dubai,14.882366180419922°C,38.90%
2023-06-29T19:50:00+04:00 Dubai,15.033702850341797°C,38.90%
2023-06-29T19:55:00+04:00 Dubai,15.033702850341797°C,38.90%
2023-06-29T20:00:00+04:00 Dubai,15.182915687561035°C,38.90%
2023-06-29T20:05:00+04:00 Dubai,15.182915687561035°C,38.90%
2023-06-29T20:10:00+04:00 Dubai,15.182915687561035°C,38.90%
2023-06-29T20:15:00+04:00 Dubai,15.182915687561035°C,38.90%
2023-06-29T20:20:00+04:00 Dubai,15.182915687561035°C,38.90%
2023-06-29T20:25:00+04:00 Dubai,15.182915687561035°C,38.90%
2023-06-29T20:30:00+04:00 Dubai,15.332491874694824°C,38.90%
2023-06-29T20:35:00+04:00 Dubai,15.332491874694824°C,38.90%
2023-06-29T20:40:00+04:00 Dubai,15.332491874694824°C,38.90%
2023-06-29T20:45:00+04:00 Dubai,15.332491874694824°C,38.90%
2023-06-29T20:50:00+04:00 Dubai,15.481114387512207°C,38.90%
2023-06-29T20:55:00+04:00 Dubai,15.481114387512207°C,38.90%
2023-06-29T21:00:00+04:00 Dubai,15.481114387512207°C,38.90%
2023-06-29T21:05:00+04:00 Dubai,15.481114387512207°C,38.90%
2023-06-29T21:10:00+04:00 Dubai,15.481114387512207°C,38.90%
2023-06-29T21:15:00+04:00 Dubai,15.481114387512207°C,38.90%
2023-06-29T21:20:00+04:00 Dubai,15.481114387512207°C,38.90%
2023-06-29T21:25:00+04:00 Dubai,15.481114387512207°C,38.90%
2023-06-29T21:30:00+04:00 Dubai,15.481114387512207°C,38.90%
2023-06-29T21:35:00+04:00 Dubai,15.481114387512207°C,38.90%
2023-06-29T21:40:00+04:00 Dubai,15.481114387512207°C,38.90%
2023-06-29T21:45:00+04:00 Dubai,15.481114387512207°C,38.90%
2023-06-29T21:50:00+04:00 Dubai,15.481114387512207°C,38.90%
2023-06-29T21:55:00+04:00 Dubai,15.481114387512207°C,38.90%
2023-06-29T22:00:00+04:00 Dubai,15.481114387512207°C,38.90%
2023-06-29T22:05:00+04:00 Dubai,15.481114387512207°C,38.90%
2023-06-29T22:10:00+04:00 Dubai,15.481114387512207°C,38.90%
2023-06-29T22:15:00+04:00 Dubai,15.481114387512207°C,38.90%
2023-06-29T22:20:00+04:00 Dubai,15.481114387512207°C,38.90%
2023-06-29T22:25:00+04:00 Dubai,15.481114387512207°C,38.90%
2023-06-29T22:30:00+04:00 Dubai,15.481114387512207°C,38.90%
2023-06-29T22:35:00+04:00 Dubai,15.481114387512207°C,38.90%
2023-06-29T22:40:00+04:00 Dubai,15.481114387512207°C,38.90%
2023-06-29T22:45:00+04:00 Dubai,15.481114387512207°C,38.90%
2023-06-29T22:50:00+04:00 Dubai,15.481114387512207°C,38.90%
2023-06-29T22:55:00+04:00 Dubai,15.481114387512207°C,38.90%
2023-06-29T23:00:00+04:00 Dubai,15.481114387512207°C,39.97%
2023-06-29T23:05:00+04:00 Dubai,15.481114387512207°C,39.97%
2023-06-29T23:10:00+04:00 Dubai,15.481114387512207°C,39.97%
2023-06-29T23:15:00+04:00 Dubai,15.481114387512207°C,39.97%
2023-06-29T23:20:00+04:00 Dubai,15.481114387512207°C,39.97%
2023-06-29T23:25:00+04:00 Dubai,15.481114387512207°C,39.97%
2023-06-29T23:30:00+04:00 Dubai,15.481114387512207°C,39.97%
2023-06-29T23:35:00+04:00 Dubai,15.481114387512207°C,39.97%
2023-06-29T23:40:00+04:00 Dubai,15.481114387512207°C,39.97%
2023-06-29T23:45:00+04:00 Dubai,15.481114387512207°C,39.97%
2023-06-29T23:50:00+04:00 Dubai,15.481114387512207°C,39.97%
2023-06-29T23:55:00+04:00 Dubai,15.481114387512207°C,39.97%
2023-06-30T00:00:00+04:00 Dubai,16.9508113861084°C,27.05%
2023-06-30T00:05:00+04:00 Dubai,17.251808166503906°C,28.11%
2023-06-30T00:10:00+04:00 Dubai,16.992977142333984°C,23.42%
2023-06-30T00:15:00+04:00 Dubai,17.448261260986328°C,28.05%
2023-06-30T00:20:00+04:00 Dubai,17.5986270904541°C,28.05%
2023-06-30T00:25:00+04:00 Dubai,17.747650146484375°C,28.05%
2023-06-30T00:30:00+04:00 Dubai,17.747650146484375°C,28.05%
2023-06-30T00:35:00+04:00 Dubai,17.8975830078125°C,28.05%
2023-06-30T00:40:00+04:00 Dubai,18.04792022705078°C,28.05%
2023-06-30T00:45:00+04:00 Dubai,18.04792022705078°C,28.05%
2023-06-30T00:50:00+04:00 Dubai,18.19753646850586°C,28.05%
2023-06-30T00:55:00+04:00 Dubai,18.19753646850586°C,28.05%
2023-06-30T01:00:00+04:00 Dubai,18.347126007080078°C,28.05%
2023-06-30T01:05:00+04:00 Dubai,18.347126007080078°C,28.05%
2023-06-30T01:10:00+04:00 Dubai,18.49822998046875°C,28.05%
2023-06-30T01:15:00+04:00 Dubai,18.49822998046875°C,28.05%
2023-06-30T01:20:00+04:00 Dubai,18.49822998046875°C,29.37%
2023-06-30T01:25:00+04:00 Dubai,18.49822998046875°C,30.56%
2023-06-30T01:30:00+04:00 Dubai,18.648269653320312°C,31.58%
2023-06-30T01:35:00+04:00 Dubai,18.191164016723633°C,30.57%
2023-06-30T01:40:00+04:00 Dubai,18.191164016723633°C,30.57%
2023-06-30T01:45:00+04:00 Dubai,18.042545318603516°C,30.57%
2023-06-30T01:50:00+04:00 Dubai,18.042545318603516°C,30.57%
2023-06-30T01:55:00+04:00 Dubai,18.042545318603516°C,30.57%
2023-06-30T02:00:00+04:00 Dubai,18.042545318603516°C,30.57%
2023-06-30T02:05:00+04:00 Dubai,18.042545318603516°C,30.57%
2023-06-30T02:10:00+04:00 Dubai,18.042545318603516°C,30.57%
2023-06-30T02:15:00+04:00 Dubai,18.042545318603516°C,30.57%
2023-06-30T02:20:00+04:00 Dubai,18.042545318603516°C,30.57%
2023-06-30T02:25:00+04:00 Dubai,18.042545318603516°C,30.57%
2023-06-30T02:30:00+04:00 Dubai,18.042545318603516°C,30.57%
2023-06-30T02:35:00+04:00 Dubai,18.042545318603516°C,30.57%
2023-06-30T02:40:00+04:00 Dubai,18.042545318603516°C,30.57%
2023-06-30T02:45:00+04:00 Dubai,18.042545318603516°C,30.57%
2023-06-30T02:50:00+04:00 Dubai,18.042545318603516°C,30.57%
2023-06-30T02:55:00+04:00 Dubai,18.042545318603516°C,30.57%
2023-06-30T03:00:00+04:00 Dubai,18.042545318603516°C,30.57%
2023-06-30T03:05:00+04:00 Dubai,18.042545318603516°C,30.57%
2023-06-30T03:10:00+04:00 Dubai,18.042545318603516°C,30.57%
2023-06-30T03:15:00+04:00 Dubai,18.042545318603516°C,30.57%
2023-06-30T03:20:00+04:00 Dubai,18.042545318603516°C,30.57%
2023-06-30T03:25:00+04:00 Dubai,18.042545318603516°C,30.57%
2023-06-30T03:30:00+04:00 Dubai,18.042545318603516°C,30.57%
2023-06-30T03:35:00+04:00 Dubai,18.042545318603516°C,30.57%
2023-06-30T03:40:00+04:00 Dubai,18.042545318603516°C,30.57%
2023-06-30T03:45:00+04:00 Dubai,18.042545318603516°C,30.57%
2023-06-30T03:50:00+04:00 Dubai,18.042545318603516°C,30.57%
2023-06-30T03:55:00+04:00 Dubai,18.042545318603516°C,30.57%
2023-06-30T04:00:00+04:00 Dubai,18.042545318603516°C,30.57%
2023-06-30T04:05:00+04:00 Dubai,18.042545318603516°C,30.57%
2023-06-30T04:10:00+04:00 Dubai,18.042545318603516°C,30.57%
2023-06-30T04:15:00+04:00 Dubai,18.042545318603516°C,30.57%
2023-06-30T04:20:00+04:00 Dubai,18.042545318603516°C,30.57%
2023-06-30T04:25:00+04:00 Dubai,18.042545318603516°C,30.57%
2023-06-30T04:30:00+04:00 Dubai,18.042545318603516°C,30.57%
2023-06-30T04:35:00+04:00 Dubai,18.042545318603516°C,30.57%
2023-06-30T04:40:00+04:00 Dubai,18.042545318603516°C,30.57%
2023-06-30T04:45:00+04:00 Dubai,18.042545318603516°C,30.57%
2023-06-30T04:50:00+04:00 Dubai,18.042545318603516°C,30.57%
2023-06-30T04:55:00+04:00 Dubai,18.042545318603516°C,30.57%
2023-06-30T05:00:00+04:00 Dubai,18.042545318603516°C,30.57%
2023-06-30T05:05:00+04:00 Dubai,18.042545318603516°C,30.57%
2023-06-30T05:10:00+04:00 Dubai,18.042545318603516°C,30.57%
2023-06-30T05:15:00+04:00 Dubai,18.042545318603516°C,30.57%
2023-06-30T05:20:00+04:00 Dubai,18.042545318603516°C,30.57%
2023-06-30T05:25:00+04:00 Dubai,18.042545318603516°C,30.57%
2023-06-30T05:30:00+04:00 Dubai,18.042545318603516°C,30.57%
2023-06-30T05:35:00+04:00 Dubai,18.042545318603516°C,30.57%
2023-06-30T05:40:00+04:00 Dubai,18.042545318603516°C,30.57%
2023-06-30T05:45:00+04:00 Dubai,18.042545318603516°C,30.57%
2023-06-30T05:50:00+04:00 Dubai,18.042545318603516°C,30.57%
2023-06-30T05:55:00+04:00 Dubai,18.042545318603516°C,30.57%
2023-06-30T06:00:00+04:00 Dubai,18.192049026489258°C,30.57%
2023-06-30T06:05:00+04:00 Dubai,16.198171615600586°C,43.86%
2023-06-30T06:10:00+04:00 Dubai,15.898567199707031°C,43.86%
2023-06-30T06:15:00+04:00 Dubai,15.898567199707031°C,45.21%
2023-06-30T06:20:00+04:00 Dubai,15.747905731201172°C,45.21%
2023-06-30T06:25:00+04:00 Dubai,15.747905731201172°C,45.21%
2023-06-30T06:30:00+04:00 Dubai,15.598287582397461°C,45.21%
2023-06-30T06:35:00+04:00 Dubai,15.598287582397461°C,45.21%
2023-06-30T06:40:00+04:00 Dubai,15.449424743652344°C,45.21%
2023-06-30T06:45:00+04:00 Dubai,15.449424743652344°C,45.21%
2023-06-30T06:50:00+04:00 Dubai,15.449424743652344°C,45.21%
2023-06-30T06:55:00+04:00 Dubai,15.449424743652344°C,45.21%
2023-06-30T07:00:00+04:00 Dubai,15.449424743652344°C,45.21%
2023-06-30T07:05:00+04:00 Dubai,16.09105110168457°C,52.40%
2023-06-30T07:10:00+04:00 Dubai,16.39183235168457°C,58.01%
2023-06-30T07:15:00+04:00 Dubai,16.24008560180664°C,60.18%
2023-06-30T07:20:00+04:00 Dubai,16.091474533081055°C,62.63%
2023-06-30T07:25:00+04:00 Dubai,16.091474533081055°C,65.13%
2023-06-30T07:30:00+04:00 Dubai,16.091474533081055°C,67.62%
2023-06-30T07:35:00+04:00 Dubai,16.091474533081055°C,70.86%
2023-06-30T07:40:00+04:00 Dubai,16.091474533081055°C,71.87%
2023-06-30T07:45:00+04:00 Dubai,16.091474533081055°C,74.74%
2023-06-30T07:50:00+04:00 Dubai,15.940238952636719°C,76.08%
2023-06-30T07:55:00+04:00 Dubai,15.940238952636719°C,78.54%
2023-06-30T08:00:00+04:00 Dubai,15.940238952636719°C,80.94%
2023-06-30T08:05:00+04:00 Dubai,15.940238952636719°C,81.94%
2023-06-30T08:10:00+04:00 Dubai,15.940238952636719°C,84.04%
2023-06-30T08:15:00+04:00 Dubai,15.940238952636719°C,85.29%
2023-06-30T08:20:00+04:00 Dubai,15.940238952636719°C,86.43%
2023-06-30T08:25:00+04:00 Dubai,15.940238952636719°C,87.60%
2023-06-30T08:30:00+04:00 Dubai,16.747783660888672°C,98.23%
2023-06-30T08:35:00+04:00 Dubai,17.672447204589844°C,100%
2023-06-30T08:40:00+04:00 Dubai,18.446474075317383°C,100%
2023-06-30T08:45:00+04:00 Dubai,19.056684494018555°C,100%
2023-06-30T08:50:00+04:00 Dubai,18.446910858154297°C,100%
2023-06-30T08:55:00+04:00 Dubai,17.36415672302246°C,100%
2023-06-30T09:00:00+04:00 Dubai,16.75417709350586°C,100%
2023-06-30T09:05:00+04:00 Dubai,16.60371971130371°C,100%
2023-06-30T09:10:00+04:00 Dubai,16.29867935180664°C,100%
2023-06-30T09:15:00+04:00 Dubai,16.148836135864258°C,100%
2023-06-30T09:20:00+04:00 Dubai,15.99682903289795°C,100%
2023-06-30T09:25:00+04:00 Dubai,15.99682903289795°C,100%
2023-06-30T09:30:00+04:00 Dubai,15.845932006835938°C,100%
2023-06-30T09:35:00+04:00 Dubai,15.845932006835938°C,100%
2023-06-30T09:40:00+04:00 Dubai,15.845932006835938°C,100%
2023-06-30T09:45:00+04:00 Dubai,15.694191932678223°C,100%
2023-06-30T09:50:00+04:00 Dubai,15.845108032226562°C,100%
2023-06-30T09:55:00+04:00 Dubai,15.692840576171875°C,100%
2023-06-30T10:00:00+04:00 Dubai,15.692840576171875°C,100%
2023-06-30T10:05:00+04:00 Dubai,15.692840576171875°C,100%
2023-06-30T10:10:00+04:00 Dubai,15.841477394104004°C,100%
2023-06-30T10:15:00+04:00 Dubai,15.991629600524902°C,100%
2023-06-30T10:20:00+04:00 Dubai,15.991629600524902°C,100%
2023-06-30T10:25:00+04:00 Dubai,16.14167594909668°C,100%
2023-06-30T10:30:00+04:00 Dubai,16.14167594909668°C,100%
2023-06-30T10:35:00+04:00 Dubai,16.14167594909668°C,100%
2023-06-30T10:40:00+04:00 Dubai,16.14167594909668°C,100%
2023-06-30T10:45:00+04:00 Dubai,16.14167594909668°C,100%
2023-06-30T10:50:00+04:00 Dubai,16.292007446289062°C,100%
2023-06-30T10:55:00+04:00 Dubai,16.292007446289062°C,100%
2023-06-30T11:00:00+04:00 Dubai,16.441654205322266°C,100%
2023-06-30T11:05:00+04:00 Dubai,16.441654205322266°C,100%
2023-06-30T11:10:00+04:00 Dubai,16.441654205322266°C,100%
2023-06-30T11:15:00+04:00 Dubai,16.590322494506836°C,100%
2023-06-30T11:20:00+04:00 Dubai,16.590322494506836°C,100%
2023-06-30T11:25:00+04:00 Dubai,16.13617706298828°C,100%
2023-06-30T11:30:00+04:00 Dubai,15.837474822998047°C,100%
2023-06-30T11:35:00+04:00 Dubai,15.837474822998047°C,100%
2023-06-30T11:40:00+04:00 Dubai,15.688897132873535°C,100%
2023-06-30T11:45:00+04:00 Dubai,15.688897132873535°C,100%
2023-06-30T11:50:00+04:00 Dubai,15.688897132873535°C,100%
2023-06-30T11:55:00+04:00 Dubai,15.54017448425293°C,100%
2023-06-30T12:00:00+04:00 Dubai,15.54017448425293°C,100%
2023-06-30T12:05:00+04:00 Dubai,15.54017448425293°C,100%
2023-06-30T12:10:00+04:00 Dubai,15.54017448425293°C,100%
2023-06-30T12:15:00+04:00 Dubai,15.54017448425293°C,100%
2023-06-30T12:20:00+04:00 Dubai,15.54017448425293°C,100%
2023-06-30T12:25:00+04:00 Dubai,15.54017448425293°C,100%
2023-06-30T12:30:00+04:00 Dubai,15.54017448425293°C,100%
2023-06-30T12:35:00+04:00 Dubai,15.54017448425293°C,100%
2023-06-30T12:40:00+04:00 Dubai,15.54017448425293°C,100%
2023-06-30T12:45:00+04:00 Dubai,15.391192436218262°C,100%
2023-06-30T12:50:00+04:00 Dubai,15.391192436218262°C,100%
2023-06-30T12:55:00+04:00 Dubai,15.391192436218262°C,100%
2023-06-30T13:00:00+04:00 Dubai,15.242496490478516°C,100%
2023-06-30T13:05:00+04:00 Dubai,15.242496490478516°C,100%
2023-06-30T13:10:00+04:00 Dubai,15.242496490478516°C,100%
2023-06-30T13:15:00+04:00 Dubai,15.242496490478516°C,100%
2023-06-30T13:20:00+04:00 Dubai,15.242496490478516°C,100%
2023-06-30T13:25:00+04:00 Dubai,15.242496490478516°C,100%
2023-06-30T13:30:00+04:00 Dubai,15.242496490478516°C,100%
2023-06-30T13:35:00+04:00 Dubai,15.242496490478516°C,100%
2023-06-30T13:40:00+04:00 Dubai,15.242496490478516°C,100%
2023-06-30T13:45:00+04:00 Dubai,15.242496490478516°C,100%
2023-06-30T13:50:00+04:00 Dubai,15.242496490478516°C,100%
2023-06-30T13:55:00+04:00 Dubai,15.242496490478516°C,100%
2023-06-30T14:00:00+04:00 Dubai,15.242496490478516°C,100%
2023-06-30T14:05:00+04:00 Dubai,15.093452453613281°C,100%
2023-06-30T14:10:00+04:00 Dubai,15.093452453613281°C,100%
2023-06-30T14:15:00+04:00 Dubai,15.093452453613281°C,100%
2023-06-30T14:20:00+04:00 Dubai,15.093452453613281°C,100%
2023-06-30T14:25:00+04:00 Dubai,15.093452453613281°C,100%
2023-06-30T14:30:00+04:00 Dubai,15.093452453613281°C,100%
2023-06-30T14:35:00+04:00 Dubai,15.093452453613281°C,100%
2023-06-30T14:40:00+04:00 Dubai,15.093452453613281°C,100%
2023-06-30T14:45:00+04:00 Dubai,14.944393157958984°C,100%
2023-06-30T14:50:00+04:00 Dubai,14.944393157958984°C,100%
2023-06-30T14:55:00+04:00 Dubai,14.944393157958984°C,100%
2023-06-30T15:00:00+04:00 Dubai,14.944393157958984°C,100%
2023-06-30T15:05:00+04:00 Dubai,14.7953519821167°C,100%
2023-06-30T15:10:00+04:00 Dubai,14.7953519821167°C,100%
2023-06-30T15:15:00+04:00 Dubai,14.7953519821167°C,100%
2023-06-30T15:20:00+04:00 Dubai,14.7953519821167°C,100%
2023-06-30T15:25:00+04:00 Dubai,14.7953519821167°C,100%
2023-06-30T15:30:00+04:00 Dubai,14.645780563354492°C,100%
2023-06-30T15:35:00+04:00 Dubai,14.645780563354492°C,100%
2023-06-30T15:40:00+04:00 Dubai,14.645780563354492°C,100%
2023-06-30T15:45:00+04:00 Dubai,14.645780563354492°C,100%
2023-06-30T15:50:00+04:00 Dubai,14.645780563354492°C,100%
2023-06-30T15:55:00+04:00 Dubai,14.645780563354492°C,100%
2023-06-30T16:00:00+04:00 Dubai,14.645780563354492°C,100%
2023-06-30T16:05:00+04:00 Dubai,14.645780563354492°C,100%
2023-06-30T16:10:00+04:00 Dubai,14.645780563354492°C,100%
2023-06-30T16:15:00+04:00 Dubai,14.645780563354492°C,100%
2023-06-30T16:20:00+04:00 Dubai,14.645780563354492°C,100%
2023-06-30T16:25:00+04:00 Dubai,14.645780563354492°C,100%
2023-06-30T16:30:00+04:00 Dubai,14.645780563354492°C,100%
2023-06-30T16:35:00+04:00 Dubai,14.494662284851074°C,100%
2023-06-30T16:40:00+04:00 Dubai,14.494662284851074°C,100%
2023-06-30T16:45:00+04:00 Dubai,14.494662284851074°C,100%
2023-06-30T16:50:00+04:00 Dubai,14.494662284851074°C,98.67%
2023-06-30T16:55:00+04:00 Dubai,14.494662284851074°C,97.63%
2023-06-30T17:00:00+04:00 Dubai,14.344675064086914°C,97.63%
2023-06-30T17:05:00+04:00 Dubai,14.344675064086914°C,94.89%
2023-06-30T17:10:00+04:00 Dubai,14.344675064086914°C,93.88%
2023-06-30T17:15:00+04:00 Dubai,14.344675064086914°C,93.88%
2023-06-30T17:20:00+04:00 Dubai,14.344675064086914°C,91.35%
2023-06-30T17:25:00+04:00 Dubai,14.344675064086914°C,90.26%
2023-06-30T17:30:00+04:00 Dubai,14.344675064086914°C,89.17%
2023-06-30T17:35:00+04:00 Dubai,14.344675064086914°C,88.06%
2023-06-30T17:40:00+04:00 Dubai,14.344675064086914°C,88.06%
2023-06-30T17:45:00+04:00 Dubai,14.344675064086914°C,86.80%
2023-06-30T17:50:00+04:00 Dubai,14.344675064086914°C,86.80%
2023-06-30T17:55:00+04:00 Dubai,14.344675064086914°C,86.80%
2023-06-30T18:00:00+04:00 Dubai,14.344675064086914°C,85.79%
2023-06-30T18:05:00+04:00 Dubai,14.344675064086914°C,85.79%
2023-06-30T18:10:00+04:00 Dubai,14.497052192687988°C,85.63%
2023-06-30T18:15:00+04:00 Dubai,14.345979690551758°C,82.40%
2023-06-30T18:20:00+04:00 Dubai,14.345979690551758°C,82.40%
2023-06-30T18:25:00+04:00 Dubai,14.345979690551758°C,82.40%
2023-06-30T18:30:00+04:00 Dubai,14.498922348022461°C,82.40%
2023-06-30T18:35:00+04:00 Dubai,14.498922348022461°C,82.40%
2023-06-30T18:40:00+04:00 Dubai,14.498922348022461°C,82.40%
2023-06-30T18:45:00+04:00 Dubai,14.498922348022461°C,81.31%
2023-06-30T18:50:00+04:00 Dubai,14.498922348022461°C,81.31%
2023-06-30T18:55:00+04:00 Dubai,14.498922348022461°C,81.31%
2023-06-30T19:00:00+04:00 Dubai,14.350295066833496°C,79.92%
2023-06-30T19:05:00+04:00 Dubai,14.05062198638916°C,75.21%
2023-06-30T19:10:00+04:00 Dubai,13.896862030029297°C,69.74%
2023-06-30T19:15:00+04:00 Dubai,13.748046875°C,65.46%
2023-06-30T19:20:00+04:00 Dubai,13.748046875°C,62.42%
2023-06-30T19:25:00+04:00 Dubai,13.597908973693848°C,56.23%
2023-06-30T19:30:00+04:00 Dubai,13.597908973693848°C,50.55%
2023-06-30T19:35:00+04:00 Dubai,13.597908973693848°C,47.51%
2023-06-30T19:40:00+04:00 Dubai,13.746458053588867°C,46.01%
2023-06-30T19:45:00+04:00 Dubai,13.901134490966797°C,43.04%
2023-06-30T19:50:00+04:00 Dubai,14.050217628479004°C,43.04%
2023-06-30T19:55:00+04:00 Dubai,14.199262619018555°C,43.04%
2023-06-30T20:00:00+04:00 Dubai,14.199262619018555°C,42.03%
2023-06-30T20:05:00+04:00 Dubai,14.199262619018555°C,41.03%
2023-06-30T20:10:00+04:00 Dubai,14.199262619018555°C,38.43%
2023-06-30T20:15:00+04:00 Dubai,14.499797821044922°C,40.75%
2023-06-30T20:20:00+04:00 Dubai,14.648414611816406°C,40.75%
2023-06-30T20:25:00+04:00 Dubai,14.648414611816406°C,40.75%
2023-06-30T20:30:00+04:00 Dubai,14.946858406066895°C,40.75%
2023-06-30T20:35:00+04:00 Dubai,14.946858406066895°C,40.75%
2023-06-30T20:40:00+04:00 Dubai,15.099068641662598°C,40.75%
2023-06-30T20:45:00+04:00 Dubai,15.248397827148438°C,40.75%
2023-06-30T20:50:00+04:00 Dubai,15.402074813842773°C,40.75%
2023-06-30T20:55:00+04:00 Dubai,15.704691886901855°C,43.58%
2023-06-30T21:00:00+04:00 Dubai,15.854215621948242°C,46.38%
2023-06-30T21:05:00+04:00 Dubai,15.854215621948242°C,47.98%
2023-06-30T21:10:00+04:00 Dubai,15.854215621948242°C,49.13%
2023-06-30T21:15:00+04:00 Dubai,15.398347854614258°C,48.56%
2023-06-30T21:20:00+04:00 Dubai,14.93893814086914°C,48.56%
2023-06-30T21:25:00+04:00 Dubai,14.790104866027832°C,48.56%
2023-06-30T21:30:00+04:00 Dubai,14.790104866027832°C,48.56%
2023-06-30T21:35:00+04:00 Dubai,15.243475914001465°C,48.56%
2023-06-30T21:40:00+04:00 Dubai,15.396352767944336°C,48.56%
2023-06-30T21:45:00+04:00 Dubai,15.695706367492676°C,49.82%
2023-06-30T21:50:00+04:00 Dubai,15.695706367492676°C,52.06%
2023-06-30T21:55:00+04:00 Dubai,15.695706367492676°C,53.14%
2023-06-30T22:00:00+04:00 Dubai,15.535087585449219°C,54.64%
2023-06-30T22:05:00+04:00 Dubai,14.6163911819458°C,52.46%
2023-06-30T22:10:00+04:00 Dubai,14.31162166595459°C,51.02%
2023-06-30T22:15:00+04:00 Dubai,14.31162166595459°C,48.52%
2023-06-30T22:20:00+04:00 Dubai,14.619311332702637°C,50.13%
2023-06-30T22:25:00+04:00 Dubai,14.9191255569458°C,50.13%
2023-06-30T22:30:00+04:00 Dubai,15.219929695129395°C,50.13%
2023-06-30T22:35:00+04:00 Dubai,15.369693756103516°C,50.13%
2023-06-30T22:40:00+04:00 Dubai,15.519453048706055°C,51.15%
2023-06-30T22:45:00+04:00 Dubai,15.357926368713379°C,51.06%
2023-06-30T22:50:00+04:00 Dubai,14.74561595916748°C,51.06%
2023-06-30T22:55:00+04:00 Dubai,14.443286895751953°C,51.06%
2023-06-30T23:00:00+04:00 Dubai,14.293882369995117°C,48.24%
2023-06-30T23:05:00+04:00 Dubai,14.6085786819458°C,49.72%
2023-06-30T23:10:00+04:00 Dubai,15.0598726272583°C,49.72%
2023-06-30T23:15:00+04:00 Dubai,15.362753868103027°C,49.72%
2023-06-30T23:20:00+04:00 Dubai,15.513821601867676°C,49.72%
2023-06-30T23:25:00+04:00 Dubai,15.663956642150879°C,51.81%
2023-06-30T23:30:00+04:00 Dubai,15.351949691772461°C,51.23%
2023-06-30T23:35:00+04:00 Dubai,14.743280410766602°C,51.23%
2023-06-30T23:40:00+04:00 Dubai,14.441437721252441°C,49.87%
2023-06-30T23:45:00+04:00 Dubai,14.292576789855957°C,47.38%
2023-06-30T23:50:00+04:00 Dubai,14.60122299194336°C,49.19%
2023-06-30T23:55:00+04:00 Dubai,15.053411483764648°C,49.19%
